Medida=7
2225
2142
2017
1933
1836
1973
2109
2195
2302
2205
2056
1964
1868
1913
2063
2154
2261
2266
2100
1994
1902
1853
2026
2131
2225
2305
2133
2021
1932
1850
1986
2099
2203
2297
2186
2052
1949
1857
1926
2065
2181
2265
2245
2094
1969
1889
1862
2029
2153
2237
2300
2128
2006
1912
1828
1996
2112
2208
2298
2170
2044
1934
1845
1941
2079
2182
2272
2232
2085
1976
1881
1874
2040
2154
2240
2289
2123
2005
1918
1835
2003
2121
2206
2298
2154
2038
1954
1854
1953
2090
2176
2286
2225
2071
1976
1875
1894
2054
2148
2261
2282
2104
2000
1900
1846
2016
2127
2233
2315
2146
2021
1933
1847
1972
2104
2203
2302
2203
2050
1956
1865
1910
2056
2158
2259
2267
2105
2002
1897
1850
2024
2132
2223
2301
2145
2031
1933
1837
1986
2106
2194
2289
2186
2066
1955
1861
1923
2070
2178
2262
2245
2089
1975
1898
1850
2030
2157
2241
2298
2124
2001
1924
1829
1989
2113
2212
2300
2168
2043
1945
1855
1940
2082
2190
2288
2244
2085
1985
1884
1877
2035
2150
2241
2299
2121
2006
1924
1850
2003
2118
2209
2307
2163
2041
1952
1857
1957
2093
2178
2280
2217
2074
1968
1869
1890
2057
2154
2253
2280
2115
2005
1896
1841
2017
2124
2228
2299
2154
2028
1928
1838
1968
2102
2200
2287
2204
2059
1969
1856
1903
2060
2158
2257
2262
2104
1996
1901
1841
2018
2131
2225
2302
2147
2033
1939
1845
1980
2101
2193
2288
2188
2058
1956
1869
1923
2066
2173
2273
2258
2100
1986
1900
1860
2030
2160
2236
2316
2134
2004
1929
1840
1993
2122
2206
2305
2180
2051
1949
1851
1945
2081
2191
2269
2245
2089
1968
1872
1870
2039
2150
2236
2299
2129
2006
1923
1834
1998
2107
2197
2297
2165
2041
1952
1849
1952
2086
2180
2273
2220
2074
1984
1878
1883
2049
2151
2256
2284
2111
2005
1908
1841
2009
2115
2231
2304
2150
2033
1932
1850
1958
2095
2197
2296
2211
2059
1964
1865
1907
2062
2153
2270
2272
2104
1993
1906
1846
2018
2126
2222
2309
2152
2027
1940
1849
1974
2097
2194
2291
2194
2058
1962
1870
1922
2065
2164
2256
2258
2100
1981
1898
1854
2024
2146
2226
2306
2137
2005
1933
1828
1986
2122
2207
2294
2176
2044
1952
1850
1931
2089
2190
2273
2238
2090
1972
1883
1859
2038
2158
2248
2298
2131
2013
1923
1836
1998
2110
2205
2305
2171
2043
1956
1859
1955
2075
2174
2277
2227
2079
1976
1886
1889
2043
2145
2251
2296
2116
2003
1913
1841
2009
2116
2216
2306
2158
2027
1930
1844
1962
2090
2198
2280
2214
2068
1952
1862
1894
2062
2161
2255
2274
2105
2002
1894
1837
2016
2129
2225
2302
2148
2033
1942
1843
1971
2099
2195
2286
2200
2062
1973
1871
1914
2056
2158
2264
2258
2098
1996
1904
1854
2024
2140
2226
2312
2139
2006
1933
1842
1989
2116
2197
2308
2187
2041
1957
1853
1934
2081
2172
2269
2249
2093
1987
1876
1864
2038
2156
2235
2301
2128
2005
1913
1824
1996
2129
2202
2297
2172
2042
1957
1851
1944
2077
2176
2271
2224
2085
1987
1884
1875
2036
2149
2246
2285
2124
2016
1920
1842
2002
2110
2216
2307
2164
2042
1938
1854
1963
2089
2196
2286
2217
2073
1957
1880
1899
2056
2171
2259
2288
2110
2004
1899
1840
2022
2130
2234
2303
2153
2036
1930
1838
1968
2099
2184
2285
2201
2069
1962
1867
1906
2062
2161
2253
2261
2104
1997
1900
1845
2025
2132
2221
2300
2136
2019
1934
1840
1979
2107
2190
2302
2191
2044
1964
1864
1931
2076
2157
2278
2253
2086
1984
1885
1872
2036
2139
2242
2310
2126
2011
1920
1838
1992
2129
2201
2304
2177
2034
1945
1846
1937
2082
2170
2272
2236
2082
1986
1883
1878
2038
2144
2235
2286
2123
2013
1916
1835
2003
2120
2208
2294
2161
2051
1949
1855
1953
2077
2186
2286
2221
2072
1966
1880
1893
2044
2170
2253
2292
2114
1992
1916
1841
2011
2140
2224
2320
2152
2025
1934
1845
1966
2092
2202
2289
2209
2074
1957
1863
1901
2061
2158
2254
2270
2113
1980
1905
1844
2022
2123
2217
2305
2145
2032
1938
1838
1981
2100
2188
2288
2185
2059
1968
1864
1921
2066
2168
2270
2251
2088
1998
1894
1865
2028
2132
2243
2304
2130
2020
1918
1845
1987
2116
2211
2305
2178
2051
1952
1860
1937
2085
2187
2288
2243
2081
1979
1880
1869
2030
2146
2240
2296
2123
2024
1921
1834
2000
2110
2197
2294
2163
2051
1953
1850
1949
2090
2177
2274
2223
2082
1974
1879
1885
2043
2163
2251
2285
2122
1993
1908
1835
2004
2138
2216
2315
2159
2022
1944
1846
1968
2099
2194
2297
2212
2063
1968
1873
1905
2065
2180
2262
2280
2110
1987
1899
1836
2014
2121
2222
2308
2146
2028
1944
1837
1974
2097
2188
2284
2193
2067
1969
1868
1916
2065
2164
2259
2257
2097
1994
1897
1849
2046
2129
2233
2308
2137
2032
1931
1845
1982
2110
2214
2297
2187
2052
1938
1865
1938
2080
2179
2277
2251
2088
1977
1882
1869
2041
2147
2252
2302
2125
2014
1912
1830
1992
2113
2206
2299
2172
2053
1952
1854
1942
2077
2179
2274
2229
2084
1982
1883
1878
2045
2145
2241
2289
2114
2003
1923
1841
2000
2124
2205
2309
2158
2029
1952
1851
1963
2094
2184
2297
2217
2063
1974
1870
1904
2061
2164
2252
2275
2105
2001
1894
1840
2018
2139
2221
2314
2148
2015
1945
1829
1969
2099
2193
2283
2200
2072
1972
1867
1909
2064
2156
2257
2261
2108
2005
1904
1854
2020
2132
2226
2302
2138
2033
1936
1843
1979
2106
2196
2296
2187
2060
1953
1864
1928
2071
2177
2261
2256
2093
1970
1891
1857
2034
2155
2235
2302
2126
2005
1928
1828
1993
2115
2211
2298
2179
2041
1937
1852
1937
2085
2188
2283
2234
2086
1971
1888
1876
2031
2147
2245
2293
2119
2008
1925
1843
2003
2118
2209
2306
2158
2040
1952
1850
1957
2084
2178
2280
2219
2077
1979
1869
1891
2057
2149
2246
2272
2109
2006
1900
1836
2014
2124
2228
2299
2150
2025
1934
1845
1969
2098
2204
2289
2197
2054
1964
1868
1904
2066
2163
2274
2268
2101
2004
1904
1850
2024
2126
2222
2307
2144
2028
1944
1844
1977
2092
2188
2289
2193
2062
1962
1867
1923
2070
2169
2258
2249
2098
1979
1897
1853
2028
2151
2226
2298
2128
2005
1930
1828
1990
2128
2203
2300
2171
2035
1958
1851
1934
2076
2183
2285
2238
2085
1972
1889
1873
2038
2163
2257
2309
2121
2004
1922
1836
1997
2123
2204
2301
2165
2044
1947
1845
1945
2075
2174
2275
2221
2083
1978
1880
1888
2049
2148
2245
2281
2115
2004
1907
1833
2012
2122
2216
2297
2153
2037
1933
1845
1962
2084
2205
2288
2208
2064
1956
1873
1906
2062
2160
2260
2274
2097
1994
1899
1845
2021
2123
2234
2315
2145
2024
1934
1844
1972
2093
2191
2286
2196
2073
1957
1870
1915
2065
2155
2258
2254
2102
1993
1901
1852
2033
2134
2223
2298
2132
2008
1937
1833
1984
2115
2197
2298
2180
2040
1964
1850
1925
2080
2168
2291
2248
2083
1989
1884
1875
2034
2152
2248
2306
2121
2005
1914
1839
1997
2128
2211
2312
2174
2035
1945
1846
1940
2073
2170
2270
2227
2080
1988
1876
1882
2048
2150
2240
2282
2117
2010
1916
1832
2006
2120
2210
2293
2155
2041
1945
1850
1957
2081
2196
2284
2217
2076
1969
1873
1896
2046
2176
2253
2284
2105
1986
1913
1845
2018
2139
2228
2315
2148
2019
1937
1838
1974
2098
2202
2294
2198
2066
1957
1860
1907
2060
2168
2255
2260
2100
1989
1900
1842
2021
2149
2229
2305
2136
2027
1938
1842
1978
2099
2195
2293
2181
2051
1967
1868
1926
2074
2163
2266
2252
2095
1995
1892
1862
2035
2134
2238
2312
2131
2023
1906
1834
1996
2122
2214
2294
2176
2046
1953
1851
1942
2085
2178
2269
2226
2075
1986
1869
1872
2044
2157
2248
2296
2122
2017
1916
1837
1996
2106
2202
2308
2164
2043
1957
1853
1955
2080
2176
2280
2222
2081
1972
1881
1897
2051
2164
2245
2285
2121
1995
1906
1835
2010
2138
2211
2306
2152
2020
1948
1830
1964
2106
2180
2288
2204
2059
1970
1868
1909
2058
2158
2268
2259
2100
1987
1902
1845
2020
2144
2225
2322
2144
2025
1932
1846
1976
2107
2192
2297
2194
2058
1968
1861
1917
2057
2161
2257
2253
2097
1994
1898
1857
2030
2137
2227
2297
2139
2018
1930
1834
1987
2103
2209
2303
2180
2058
1950
1858
1933
2072
2190
2271
2244
2088
1963
1888
1876
2041
2156
2245
2304
2123
2001
1916
1834
2003
2117
2219
2299
2168
2051
1944
1841
1945
2088
2181
2276
2222
2088
1970
1881
1882
2044
2156
2249
2286
2120
2003
1918
1839
2008
2119
2208
2304
2152
2030
1948
1851
1961
2092
2184
2287
2217
2062
1972
1869
1907
2062
2153
2260
2272
2105
2004
1890
1837
2021
2131
2230
2299
2147
2033
1927
1830
1976
2110
2205
2292
2202
2049
1953
1856
1915
2069
2158
2273
2260
2098
1989
1899
1853
2025
2129
2232
2312
2137
2024
1932
1845
1981
2098
2197
2297
2185
2054
1963
1862
1931
2074
2170
2261
2241
2091
1975
1888
1860
2037
2156
2236
2299
2129
2001
1927
1832
1993
2130
2208
2314
2172
2027
1953
1852
1948
2085
2185
2284
2233
2080
1968
1877
1889
2052
2166
2244
2296
2118
1998
1910
1824
2006
2122
2208
2304
2165
2037
1949
1845
1955
2088
2183
2283
2218
2074
1978
1876
1894
2045
2149
2249
2275
2112
1997
1910
1846
2018
2122
2222
2308
2149
2030
1946
1845
1968
2088
2202
2287
2205
2066
1949
1865
1905
2054
2179
2249
2257
2099
1989
1890
1845
2025
2138
2224
2306
2136
2014
1917
1835
1982
2101
2206
2301
2189
2059
1962
1864
1923
2069
2172
2265
2254
2098
1980
1892
1856
2033
2132
2227
2300
2130
2019
1931
1835
1986
2114
2194
2289
2174
2042
1962
1850
1938
2081
2178
2274
2235
2075
1989
1884
1882
2043
2145
2249
2299
2120
2017
1908
1844
2002
2120
2220
2309
2161
2040
1937
1848
1959
2100
2184
2286
2221
2067
1974
1861
1883
2051
2154
2244
2277
2114
2011
1907
1835
2012
2121
2213
2308
2157
2045
1946
1848
1967
2089
2178
2286
2206
2064
1964
1873
1909
2056
2160
2256
2275
2108
1990
1904
1845
2020
2145
2218
2308
2148
2021
1940
1829
1973
2113
2190
2289
2187
2049
1964
1860
1917
2077
2173
2268
2251
2094
1979
1896
1852
2035
2154
2245
2318
2133
2013
1926
1838
1985
2112
2196
2298
2184
2049
1964
1858
1933
2065
2163
2267
2238
2092
1984
1887
1868
2041
2143
2236
2290
2124
2011
1923
1828
1994
2108
2214
2301
2169
2043
1947
1857
1946
2070
2188
2282
2232
2079
1961
1883
1889
2049
2157
2246
2293
2113
1999
1908
1836
2006
2113
2224
2308
2156
2038
1933
1841
1960
2092
2190
2282
2216
2080
1970
1874
1894
2044
2161
2257
2277
2112
1996
1912
1844
2019
2126
2218
2312
2146
2021
1940
1850
1978
2096
2186
2291
2206
2056
1975
1860
1912
2065
2165
2259
2262
2098
1997
1891
1843
2028
2141
2240
2305
2134
2025
1916
1838
1980
2112
2211
2304
2189
2048
1961
1857
1931
2077
2170
2277
2258
2088
1985
1884
1873
2027
2137
2233
2301
2131
2021
1928
1835
1992
2108
2194
2294
2174
2043
1957
1851
1942
2074
2177
2272
2229
2080
1983
1891
1879
2034
2150
2237
2300
2121
1998
1924
1841
1996
2131
2209
2314
2163
2027
1948
1839
1950
2101
2180
2280
2214
2073
1982
1875
1888
2054
2162
2250
2275
2117
1987
1906
1829
2014
2132
2225
2312
2159
2020
1947
1843
1966
2093
2179
2292
2208
2064
1966
1870
1910
2054
2156
2256
2269
2105
1997
1900
1849
2018
2124
2221
2301
2140
2025
1941
1840
1978
2099
2207
2296
2194
2053
1957
1866
1920
