Medida=5
2070
2048
1964
1854
1912
2072
2165
2272
2256
2097
1988
1900
1853
2028
2136
2235
2304
2128
2022
1924
1839
1988
2109
2209
2306
2181
2051
1944
1861
1933
2077
2189
2277
2248
2077
1964
1891
1871
2044
2162
2249
2304
2118
1998
1912
1833
2004
2127
2220
2301
2164
2036
1928
1842
1945
2075
2192
2277
2226
2083
1961
1871
1876
2048
2169
2248
2285
2108
1989
1914
1835
2009
2130
2211
2301
2154
2025
1950
1845
1964
2104
2195
2298
2210
2057
1968
1866
1906
2062
2164
2274
2278
2104
1986
1894
1852
2022
2148
2235
2315
2141
2022
1927
1842
1978
2115
2194
2300
2195
2044
1955
1852
1910
2078
2160
2266
2258
2094
1994
1890
1849
2028
2141
2235
2302
2137
2020
1930
1840
1988
2109
2209
2296
2177
2045
1948
1852
1933
2074
2192
2278
2246
2089
1967
1889
1868
2040
2162
2247
2309
2121
1992
1916
1834
2010
2126
2217
2308
2166
2031
1938
1852
1955
2081
2198
2281
2228
2073
1957
1870
1883
2043
2159
2248
2294
2115
1985
1905
1828
2010
2134
2214
2300
2154
2025
1945
1841
1962
2094
2188
2278
2204
2057
1969
1865
1899
2065
2168
2265
2266
2093
1995
1890
1841
2021
2140
2246
2307
2144
2011
1917
1834
1982
2113
2210
2304
2192
2045
1969
1859
1921
2074
2179
2281
2262
2089
1988
1889
1861
2033
2138
2243
2307
2132
2016
1921
1840
1993
2115
2202
2298
2172
2048
1948
1857
1937
2078
2186
2269
2236
2082
1965
1881
1871
2042
2162
2243
2301
2120
1992
1908
1824
2003
2131
2213
2301
2157
2032
1931
1835
1947
2098
2193
2280
2219
2072
1957
1874
1877
2049
2163
2252
2285
2117
1993
1913
1833
2009
2130
2221
2312
2150
2026
1946
1849
1970
2099
2186
2285
2204
2060
1965
1876
1909
2066
2161
2260
2274
2096
1992
1896
1846
2018
2140
2242
2314
2141
2014
1925
1845
1982
2112
2200
2296
2195
2048
1950
1859
1923
2084
2170
2280
2260
2089
1987
1884
1857
2038
2141
2233
2312
2133
2017
1914
1835
1989
2112
2205
2291
2173
2052
1952
1856
1938
2078
2187
2269
2232
2083
1965
1880
1867
2041
2166
2238
2296
2122
1993
1920
1821
2000
2129
2219
2303
2156
2030
1940
1842
1951
2095
2192
2282
2213
2080
1957
1879
1883
2045
2171
2255
2285
2106
1990
1912
1828
2014
2134
2221
2313
2152
2017
1947
1848
1969
2095
2184
2288
2205
2058
1970
1874
1911
2065
2164
2270
2273
2098
1990
1893
1853
2022
2132
2241
2313
2140
2017
1917
1845
1979
2117
2203
2298
2197
2053
1954
1858
1925
2080
2182
2278
2255
2088
1982
1881
1860
2034
2134
2235
2304
2132
2013
1924
1836
1995
2102
2203
2293
2174
2050
1958
1854
1937
2077
2182
2270
2232
2078
1969
1881
1873
2042
2162
2236
2293
2117
2004
1915
1825
2000
2133
2217
2298
2157
2032
1934
1844
1952
2078
2201
2283
2214
2067
1957
1869
1883
2054
2166
2258
2285
2107
1989
1914
1834
2010
2142
2223
2308
2153
2027
1945
1852
1967
2093
2189
2286
2197
2054
1977
1869
1908
2068
2171
2268
2272
2099
1986
1906
1850
2022
2137
2244
2316
2139
2016
1921
1849
1983
2110
2206
2301
2187
2041
1962
1868
1921
2086
2170
2281
2261
2088
1974
1886
1863
2041
2133
2236
2304
2128
2011
1916
1836
1992
2110
2205
2292
2173
2052
1947
1857
1945
2074
2188
2269
2232
2078
1970
1874
1876
2040
2162
2243
2297
2121
1994
1908
1823
2000
2136
2216
2304
2160
2028
1936
1837
1950
2102
2192
2278
2216
2078
1958
1874
1886
2050
2165
2253
2282
2109
1993
1912
1833
2011
2133
2219
2305
2147
2025
1947
1848
1965
2100
2186
2286
2201
2060
1973
1870
1910
2069
2166
2267
2273
2099
2000
1892
1851
2024
2136
2240
2312
2141
2014
1920
1848
1984
2115
2213
2302
2190
2045
1952
1861
1925
2086
2173
2276
2252
2083
1986
1885
1868
2038
2137
2237
2304
2128
2014
1908
1833
1996
2114
2209
2294
2172
2048
1950
1860
1945
2083
2179
2271
2232
2081
1968
1880
1874
2043
2160
2240
2298
2111
1995
1914
1825
2004
2131
2219
2301
2152
2026
1940
1846
1957
2096
2194
2280
2206
2070
1954
1868
1889
2048
2176
2260
2278
2105
1984
1905
1837
2011
2139
2221
2313
2147
2018
1945
1844
1973
2102
2190
2286
2201
2056
1968
1869
1914
2068
2161
2269
2270
2094
1989
1896
1856
2032
2138
2244
2312
2141
2011
1917
1838
1989
2114
2209
2296
2187
2044
1951
1860
1931
2086
2173
2280
2250
2089
1979
1881
1859
2037
2140
2233
2300
2132
2015
1909
1835
1990
2107
2212
2298
2171
2053
1949
1853
1941
2084
2178
2267
2234
2080
1963
1880
1873
2041
2158
2238
2288
2113
1990
1912
1822
2004
2134
2220
2305
2154
2024
1940
1842
1962
2083
2192
2283
2216
2062
1955
1871
1888
2056
2170
2260
2278
2112
1989
1911
1836
2018
2138
2225
2310
2148
2020
1944
1846
1972
2097
2191
2289
2200
2059
1971
1867
1912
2067
2163
2270
2267
2092
1986
1891
1853
2028
2136
2246
2316
2138
2019
1915
1848
1983
2118
2203
2300
2187
2049
1953
1859
1931
2083
2176
2278
2254
2082
1988
1884
1865
2031
2141
2239
2305
2125
2016
1913
1840
1997
2115
2210
2290
2170
2052
1945
1859
1943
2080
2178
2272
2226
2073
1966
1874
1875
2041
2163
2240
2296
2116
1993
1911
1826
2004
2137
2219
2301
2154
2032
1936
1835
1957
2095
2191
2280
2217
2070
1954
1868
1889
2057
2168
2256
2279
2106
1986
1905
1833
2014
2140
2218
2302
2149
2018
1944
1842
1973
2101
2190
2288
2200
2056
1964
1865
1913
2069
2171
2268
2265
2091
1991
1888
1853
2028
2138
2241
2305
2139
2018
1918
1842
1981
2117
2213
2308
2184
2038
1957
1860
1930
2084
2171
2285
2251
2082
1990
1889
1868
2038
2140
2249
2305
2124
2013
1924
1849
1996
2112
2208
2298
2170
2040
1947
1864
1947
2089
2189
2278
2234
2082
1962
1884
1886
2056
2169
2252
2301
2119
1988
1913
1834
2012
2133
2221
2317
2157
2033
1934
1842
1963
2094
2201
2283
2213
2075
1955
1865
1896
2058
2168
2250
2281
2113
1993
1902
1838
2015
2138
2216
2300
2148
2028
1938
1841
1976
2104
2181
2289
2191
2056
1959
1858
1912
2073
2166
2262
2258
2089
1987
1883
1842
2036
2146
2243
2301
2126
2016
1918
1834
1983
2121
2206
2291
2180
2034
1957
1847
1924
2080
2180
2273
2249
2081
1992
1880
1865
2035
2147
2238
2300
2120
2016
1925
1841
1994
2112
2210
2301
2164
2042
1944
1856
1944
2089
2196
2283
2232
2077
1961
1885
1878
2048
2165
2254
2300
2114
1990
1910
1833
2010
2118
2229
2309
2157
2035
1941
1852
1963
2091
2208
2294
2219
2069
1965
1876
1900
2053
2173
2257
2284
2106
1989
1914
1850
2017
2134
2217
2308
2147
2020
1940
1857
1979
2114
2192
2301
2200
2052
1964
1862
1917
2078
2166
2274
2264
2092
1984
1881
1856
2032
2142
2237
2305
2142
2012
1923
1836
1987
2122
2203
2300
2182
2042
1953
1850
1932
2080
2169
2274
2243
2088
1989
1883
1864
2036
2134
2244
2296
2126
2016
1926
1838
2000
2117
2209
2294
2166
2044
1939
1849
1941
2088
2192
2273
2233
2077
1962
1882
1875
2052
2168
2246
2284
2108
1996
1905
1831
2009
2126
2220
2299
2153
2037
1929
1841
1961
2098
2192
2287
2213
2073
1961
1869
1891
2057
2158
2257
2273
2109
1987
1910
1841
2020
2138
2216
2301
2146
2016
1935
1837
1973
2108
2192
2293
2197
2054
1952
1854
1912
2069
2172
2276
2259
2093
1997
1889
1856
2027
2145
2242
2308
2129
2009
1928
1835
1984
2112
2204
2307
2186
2048
1960
1852
1931
2076
2178
2284
2245
2086
1986
1899
1868
2037
2137
2233
2298
2126
2015
1921
1848
1998
2118
2214
2305
2170
2040
1939
1860
1944
2086
2197
2284
2237
2074
1958
1883
1878
2054
2160
2256
2294
2109
2003
1912
1845
2012
2119
2234
2309
2159
2024
1936
1855
1957
2080
2206
2285
2217
2068
1956
1874
1904
2056
2162
2250
2278
2105
1990
1907
1856
2013
2142
2227
2310
2142
2018
1932
1842
1976
2112
2200
2300
2196
2052
1957
1859
1916
2078
2177
2271
2260
2107
1992
1888
1852
2026
2149
2232
2310
2131
2008
1926
1829
1979
2118
2193
2297
2185
2042
1960
1853
1923
2077
2170
2262
2241
2089
1988
1892
1862
2037
2142
2234
2292
2122
2008
1916
1832
1996
2116
2213
2294
2169
2037
1929
1849
1944
2089
2196
2275
2224
2069
1963
1876
1868
2056
2156
2244
2275
2113
2008
1896
1835
2008
2126
2216
2296
2157
2045
1925
1846
1955
2091
2195
2284
2212
2072
1976
1875
1894
2053
2169
2253
2275
2109
1987
1906
1844
2019
2146
2222
2302
2146
2012
1934
1839
1970
2112
2201
2298
2198
2049
1955
1866
1913
2062
2171
2262
2266
2096
1976
1896
1851
2024
2154
2229
2313
2139
2013
1932
1840
1989
2112
2200
2304
2182
2041
1962
1869
1936
2075
2170
2268
2246
2083
1984
1896
1866
2038
2147
2239
2302
2125
2012
1915
1849
1998
2114
2224
2302
2170
2049
1934
1853
1947
2086
2187
2281
2234
2073
1974
1877
1872
2052
2161
2258
2300
2109
2009
1909
1835
2002
2120
2216
2296
2161
2040
1933
1845
1961
2093
2188
2280
2213
2072
1969
1877
1894
2059
2168
2248
2278
2107
1986
1893
1836
2016
2142
2222
2316
2147
2010
1933
1833
1972
2108
2200
2282
2198
2059
1956
1858
1915
2066
2172
2264
2262
2094
1978
1890
1841
2027
2146
2227
2302
2140
2011
1931
1833
1980
2113
2198
2287
2181
2048
1961
1862
1928
2076
2173
2262
2238
2085
1981
1882
1858
2041
2155
2246
2296
2118
2011
1906
1835
1996
2129
2223
2299
2168
2033
1941
1858
1945
2088
2195
2280
2232
2074
1979
1882
1872
2049
2153
2260
2296
2112
2006
1906
1840
2010
2120
2226
2307
2158
2042
1950
1864
1956
2088
2196
2282
2212
2069
1968
1880
1899
2058
2176
2256
2288
2102
1984
1910
1844
2019
2145
2219
2314
2144
2016
1935
1846
1980
2108
2196
2292
2200
2053
1958
1866
1923
2060
2183
2267
2267
2104
1974
1893
1854
2022
2156
2228
2310
2137
2003
1932
1841
1989
2118
2197
2289
2186
2048
1961
1864
1933
2075
2170
2267
2249
2084
1981
1881
1860
2038
2142
2245
2297
2129
2010
1905
1837
2001
2124
2218
2289
2174
2037
1954
1849
1946
2092
2188
2278
2228
2072
1979
1869
1872
2048
2152
2244
2293
2114
2010
1903
1835
2010
2118
2212
2292
2152
2041
1944
1848
1962
2090
2187
2276
2216
2073
1960
1875
1886
2054
2170
2249
2273
2102
1983
1901
1830
2017
2143
2229
2302
2143
2015
1929
1841
1973
2099
2201
2295
2192
2067
1942
1867
1910
2069
2182
2268
2265
2096
1978
1902
1844
2025
2156
2232
2310
2137
2004
1934
1846
1985
2102
2194
2294
2181
2042
1960
1860
1935
2078
2178
2278
2253
2084
1978
1886
1867
2040
2150
2253
2301
2123
2003
1910
1844
1998
2126
2212
2307
2173
2032
1944
1856
1949
2098
2176
2291
2237
2072
1980
1884
1877
2045
2148
2258
2294
2116
2011
1910
1848
2004
2120
2209
2304
2160
2034
1939
1854
1958
2088
2195
2283
2216
2068
1955
1875
1899
2056
2176
2252
2288
2109
1986
1904
1846
2028
2148
2225
2309
2144
2026
1931
1842
1980
2103
2211
2291
2200
2068
1950
1862
1913
2067
2179
2257
2269
2105
1978
1894
1850
2028
2142
2222
2299
2139
2016
1932
1843
1986
2110
2193
2292
2181
2052
1954
1853
1922
2084
2173
2277
2249
2083
1978
1872
1866
2039
2148
2245
2296
2125
2006
1923
1835
1995
2130
2202
2300
2172
2031
1948
1840
1941
2082
2181
2273
2225
2073
1978
1873
1872
2042
2148
2240
2280
2120
2011
1915
1837
2005
2120
2212
2298
2154
2032
1937
1841
1956
2092
