Medida=2
2070
2069
2072
2069
2070
2072
2076
2073
2069
2076
2073
2071
2071
2070
2069
2070
2070
2070
2068
2073
2073
2074
2069
2070
2070
2074
2070
2072
2069
2073
2072
2068
2072
2069
2070
2072
2069
2072
2073
2073
2073
2072
2073
2070
2072
2072
2073
2068
2072
2070
2073
2068
2072
2073
2070
2073
2072
2073
2073
2073
2073
2072
2073
2068
2069
2074
2069
2074
2075
2070
2070
2070
2072
2072
2073
2072
2070
2072
2072
2070
2073
2072
2072
2071
2072
2070
2070
2069Medida=4
2072
2070
2070
2073
2070
2072
2074
2074
2072
2070
2073
2074
2068
2070
2071
2074
2074
2070
2072
2072
2073
2072
2074
2070
2073
2070
2073
2070
2074
2070
2072
2074
2072
2073
2072
2073
2073
2070
2072
2073
2073
2072
2074
2072
2072
2070
2074
2069
2073
2073
2072
2069
2068
2073
2073
2077
2072
2073
2070
2074
2074
2072
2073
2070
2072
2070
2069
2073
2070
2072
2072
2070
2067
2072
2072
2073
2072
2071
2073
2072
2073
2072
2072
2072
2072
2072
2068
2073
2072
2070
2072
2075
2072
2073
2074
2072
2070
2074
2070
2074
2071
2072
2072
2073
2069
2073
2072
2070
2072
2070
2073
2072
2072
2070
2073
2074
2072
2072
2072
2075
2074
2074
2073
2073
2073
2075
2069
2074
2072
2075
2073
2071
2069
2072
2073
2073
2073
2072
2073
2070
2073
2072
2074
2072
2072
2073
2074
2073
2073
2069
2072
2074
2074
2069
2070
2073
2070
2072
2072
2072
2069
2073
2073
2074
2072
2073
2073
2069
2072
2071
2073
2072
2069
2072
2070
2074
2069
2075
2074
2072
2072
2074
2073
2073
2069
2072
2069
2072
2078
2070
2072
2069
2073
2073
2070
2070
2072
2073
2074
2073
2072
2074
2070
2074
2073
2072
2072
2070
2072
2073
2073
2070
2072
2072
2073
2072
2072
2072
2072
2073
2072
2072
2072
2072
2073
2074
2074
2072
2073
2073
2072
2075
2070
2073
2072
2072
2070
2070
2071
2074
2072
2070
2075
2072
2070
2076
2070
2073
2070
2073
2071
2070
2069
2071
2070
2069
2073
2072
2072
2074
2070
2070
2073
2070
2069
2070
2073
2072
2072
2073
2072
2072
2073
2072
2071
2072
2074
2073
2070
2071
2072
2073
2075
2070
2073
2070
2065
2072
2072
2073
2074
2069
2072
2072
2073
2071
2069
2073
2072
2072
2072
2073
2073
2073
2073
2070
2070
2073
2073
2073
2073
2074
2073
2075
2075
2070
2072
2073
2072
2072
2070
2073
2072
2072
2069
2073
2070
2076
2070
2070
2070
2072
2072
2074
2072
2069
2073
2072
2070
2072
2074
2072
2073
2069
2073
2072
2073
2073
2076
2072
2073
2072
2068
2072
2072
2070
2071
2069
2072
2073
2072
2072
2071
2069
2073
2070
2070
2073
2074
2069
2072
2074
2074
2072
2072
2072
2073
2074
2074
2070
2072
2073
2071
2072
2072
2069
2073
2073
2074
2073
2072
2069
2073
2073
2073
2068
2069
2070
2069
2073
2072
2074
2069
2072
2070
2073
2072
2074
2069
2070
2071
2072
2070
2072
2070
2073
2072
2072
2070
2073
2074
2072
2072
2072
2073
2072
2073
2070
2073
2073
2073
2070
2072
2072
2072
2072
2074
2072
2072
2072
2069
2070
2075
2073
2074
2070
2070
2072
2074
2072
2072
2074
2072
2070
2069
2073
2070
2070
2073
2073
2075
2073
2069
2075
2070
2069
2070
2074
2069
2070
2070
2077
2072
2072
2070
2072
2069
2070
2072
2073
2072
2073
2069
2074
2073
2069
2073
2072
2070
2072
2069
2069
2072
2076
2074
2070
2073
2072
2072
2072
2072
2070
2070
2216
2010
1587
664
1260
2147
2419
3217
3170
2236
1905
1187
1068
1948
2337
2888
3193
2386
1944
1535
1017
1743
2240
2559
3168
2545
1977
1724
1050
1584
2171
2400
3021
2628
2042
1816
1272
1459
2083
2300
2793
2773
2125
1883
1498
1358
1976
2246
2534
2832
2245
1945
1697
1310
1834
2179
2376
2790
2379
2000
1819
1415
1712
2118
2305
2675
2529
2056
1883
1536
1560
2053
2249
2537
2592
2142
1932
1690
1513
1956
2195
2382
2651
2245
1971
1822
1508
1837
2149
2282
2598
2370
2022
1886
1622
1717
2084
2230
2504
2483
2094
1918
1707
1619
2021
2198
2372
2559
2174
1966
1826
1585
1925
2153
2293
2507
2266
2011
1876
1667
1812
2102
2237
2456
2395
2072
1923
1733
1706
2040
2197
2376
2453
2133
1964
1812
1667
1970
2160
2294
2492
2212
2001
1889
1667
1880
2121
2240
2429
2313
2054
1924
1756
1770
2065
2209
2346
2417
2108
1949
1825
1710
1997
2168
2294
2438
2169
1993
1876
1696
1928
2131
2241
2409
2260
2036
1921
1777
1842
2080
2202
2352
2345
2086
1954
1827
1761
2026
2171
2288
2401
2147
1984
1874
1721
1960
2133
2237
2386
2216
2020
1909
1764
1876
2090
2209
2349
2313
2076
1944
1832
1801
2037
2172
2289
2381
2129
1978
1880
1757
1986
2143
2244
2393
2193
2021
1908
1768
1920
2099
2214
2337
2272
2064
1947
1820
1832
2057
2177
2290
2354
2116
1974
1866
1785
2002
2152
2248
2378
2165
2011
1916
1771
1947
2109
2221
2341
2236
2053
1942
1825
1865
2067
2189
2302
2309
2100
1971
1859
1802
2018
2144
2258
2358
2150
2012
1905
1780
1966
2123
2225
2336
2211
2040
1941
1826
1897
2077
2184
2308
2290
2085
1966
1856
1820
2030
2169
2260
2349
2131
1993
1908
1802
1982
2122
2213
2331
2191
2030
1940
1812
1915
2094
2204
2315
2262
2072
1955
1857
1849
2044
2169
2257
2328
2123
1992
1905
1806
1996
2138
2228
2334
2169
2022
1923
1816
1945
2106
2209
2310
2233
2061
1947
1846
1872
2058
2172
2268
2313
2110
1985
1898
1813
2010
2140
2227
2337
2155
2013
1925
1808
1960
2111
2200
2304
2218
2052
1947
1845
1894
2074
2178
2278
2297
2101
1977
1881
1825
2030
2153
2242
2326
2141
2008
1918
1818
1980
2117
2209
2302
2190
2045
1956
1845
1910
2075
2170
2277
2259
2086
1987
1886
1852
2029
2147
2247
2316
2134
2011
1912
1826
1988
2115
2219
2309
2176
2041
1938
1851
1933
2083
2194
2282
2242
2079
1965
1878
1866
2045
2160
2252
2306
2116
1990
1906
1819
2002
2133
2225
2316
2163
2026
1937
1838
1952
2096
2190
2293
2225
2072
1966
1868
1885
2058
2162
2261
2283
2106
2002
1899
1834
2012
2132
2230
2308
2152
2028
1922
1840
1969
2095
2205
2297
2208
2062
1949
1857
1901
2068
2177
2260
2267
2104
1985
1899
1845
2027
2142
2225
2309
2140
2017
1924
1833
1980
2113
2196
2291
2186
2042
1957
1859
1925
2077
2177
2276
2255
2087
1977
1883
1865
2042
2156
2245
2305
2126
2004
1907
1830
1990
2128
2220
2296
2168
2028
1936
1845
1933
2088
2193
2284
2237
2072
1972
1875
1873
2046
2162
2265
2298
2117
2009
1910
1840
2002
2124
2216
2306
2163
2035
1946
1856
1956
2090
2186
2277
2219
2068
1964
1878
1893
2058
2171
2255
2280
2101
1988
1905
1834
2016
2146
2232
2309
2142
2014
1922
1835
1969
2110
2205
2283
2202
2056
1949
1856
1902
2064
2172
2253
2268
2102
1979
1895
1851
2028
2142
2225
2306
2134
2013
1934
1845
1988
2113
2206
2292
2184
2043
1947
1851
1918
2082
2184
2269
2244
2088
1970
1881
1864
2040
2163
2244
2313
2125
2001
1924
1838
1997
2121
2208
2293
2166
2044
1953
1856
1942
2088
2181
2269
2228
2077
1971
1887
1886
2048
2163
2253
2288
2115
1994
1902
1832
2008
2137
2222
2307
2158
2025
1944
1852
1960
2096
2190
2280
2211
2073
1976
1877
1896
2061
2161
2248
2277
2104
1993
1905
1843
2014
2143
2230
2299
2146
2017
1922
1846
1980
2112
2197
2297
2201
2053
1965
1864
1909
2068
2163
2252
2262
2100
1992
1906
1857
2026
2144
2233
2290
2137
2012
1916
1844
1988
2122
2215
2293
2181
2038
1952
1853
1926
2080
2176
2264
2249
2084
1987
1897
1867
2034
2142
2228
2288
2130
2004
1921
1856
1994
2128
2218
2289
2165
2034
1940
1852
1948
2094
2189
2283
2230
2070
1976
1878
1883
2048
2150
2238
2289
2110
2003
1914
1842
2010
2131
2222
2296
2161
2024
1937
1856
1958
2098
2194
2282
2210
2067
1964
1876
1900
2056
2160
2246
2269
2108
1999
1914
1854
2019
2132
2227
2294
2145
2019
1924
1849
1973
2112
2200
2287
2194
2048
1958
1860
1910
2075
2169
2262
2260
2095
1994
1904
1859
2029
2138
2228
2300
2134
2013
1920
1841
1981
2120
2213
2289
2185
2042
1952
1853
1926
2080
2173
2262
2245
2085
1987
1897
1868
2037
2145
2233
2292
2124
2006
1914
1843
1994
2126
2217
2303
2171
2032
1948
1856
1945
2082
2179
2274
2230
2075
1979
1892
1883
2045
2150
2237
2281
2115
2000
1910
1848
2006
2136
2220
2304
2161
2024
1944
1852
1960
2098
2182
2278
2215
2064
1977
1886
1901
2053
2160
2245
2270
2105
1994
1902
1849
2013
2139
2233
2296
2152
2016
1933
1845
1973
2109
2188
2285
2197
2059
1966
1878
1914
2064
2166
2251
2253
2093
1985
1897
1851
2026
2147
2236
2302
2133
2009
1925
1838
1990
2118
2196
2296
2185
2045
1960
1869
1930
2075
2174
2261
2238
2084
1976
1886
1866
2040
2155
2245
2304
2123
1998
1917
1833
2000
2125
2207
2300
2170
2040
1954
1861
1948
2085
2180
2273
2226
2071
1972
1878
1883
2050
2163
2253
2286
2111
1998
1908
1840
2011
2133
2210
2296
2156
2035
1945
1858
1966
2093
2193
2273
2208
2066
1961
1875
1905
2058
2168
2253
2273
2101
1985
1908
1850
2018
2142
2217
2291
2147
2029
1944
1857
1977
2107
2196
2284
2196
2056
1953
1871
1910
2072
2173
2259
2262
2092
1981
1904
1849
2027
2145
2213
2299
2134
2013
1932
1845
1987
2120
2201
2296
2180
2043
1945
1851
1930
2077
2185
2273
2243
2086
1970
1890
1865
2037
2146
2228
2289
2122
2001
1922
1846
2002
2123
2212
2292
2161
2036
1939
1861
1949
2084
2195
2268
2228
2083
1966
1896
1886
2044
2149
2235
2284
2114
1996
1916
1853
2008
2135
2217
2297
2157
2025
1934
1856
1962
2091
2194
2280
2219
2073
1973
1886
1899
2059
2171
2252
2275
2101
1982
1902
1839
2027
2141
2226
2304
2142
2022
1925
1846
1974
2096
2205
2280
2194
2062
1963
1875
1923
2065
2171
2259
2254
2093
1980
1896
1862
2032
2148
2232
2290
2134
2013
1926
1856
1985
2107
2202
2278
2182
2052
1957
1873
1931
2078
2182
2260
2249
2083
1973
1891
1860
2048
2147
2243
2299
2128
2013
1908
1843
1998
2113
2202
2289
2165
2040
1945
1858
1953
2093
2193
2276
2224
2070
1963
1877
1888
2051
2152
2253
2278
2112
2012
1914
1854
2005
2118
2208
2284
2156
2028
1938
1862
1958
2100
2196
2276
2216
2060
1969
1874
1901
2060
2154
2253
2276
2106
1999
1914
1853
2018
2134
2225
2300
2145
2017
1926
1845
1979
2118
2203
2289
2195
2044
1960
1862
1922
2072
2159
2260
2248
2100
1992
1902
1867
2029
2145
2231
2286
2139
2007
1921
1853
1986
2122
2204
2289
2181
2042
1962
1865
1931
2082
2170
2261
2242
2090
1982
1895
1872
2037
2156
2243
2297
2123
2002
1912
1836
2005
2130
2216
2304
2164
2033
1960
1853
1950
2089
2170
2269
2219
2073
1973
1885
1896
2048
2163
2250
2276
2115
1992
1909
1844
2014
2137
2212
2296
2157
2028
1949
1858
1963
2095
2180
2274
2208
2065
1968
1871
1899
2061
2169
2257
2277
2105
1974
1900
1840
2018
2146
2221
2304
2145
2019
1940
1852
1981
2107
2192
2283
2186
2052
1954
1866
1924
2067
2178
2259
2254
2094
1980
1904
1856
2025
2152
2225
2297
2134
2016
1933
1852
1986
2122
2202
2286
2178
2041
1952
1859
1931
2077
2188
2265
2246
2088
1973
1900
1864
2038
2150
2234
2293
2118
1994
1917
1843
2008
2129
2211
2294
2162
2037
1942
1858
1949
2090
2194
2270
2224
2080
1965
1890
1890
2048
2157
2238
2282
2120
1994
1915
1844
2006
