Medida=6
2033
2098
2193
2286
2211
2065
1966
1864
1891
2057
2158
2253
2274
2114
2002
1905
1841
2014
2124
2225
2298
2147
2042
1940
1845
1969
2107
2190
2275
2198
2070
1957
1872
1903
2066
2174
2253
2265
2095
1983
1901
1841
2027
2153
2232
2304
2134
2024
1933
1832
1982
2114
2204
2290
2184
2062
1944
1848
1924
2066
2172
2264
2254
2093
1987
1886
1861
2031
2149
2227
2299
2130
2015
1929
1836
1996
2113
2190
2293
2177
2044
1949
1849
1938
2088
2168
2274
2240
2077
1976
1873
1878
2052
2144
2253
2292
2123
2008
1905
1842
2011
2137
2213
2312
2165
2030
1942
1851
1952
2086
2179
2286
2228
2066
1972
1878
1892
2053
2148
2248
2283
2112
2002
1915
1853
2013
2124
2218
2308
2153
2036
1930
1854
1969
2092
2205
2293
2209
2063
1948
1875
1911
2054
2157
2260
2272
2101
1989
1894
1853
2026
2127
2240
2310
2142
2023
1929
1849
1982
2094
2204
2290
2190
2059
1968
1872
1925
2066
2166
2261
2250
2088
1987
1901
1861
2028
2150
2234
2301
2129
2005
1929
1832
1986
2125
2209
2301
2169
2042
1958
1850
1938
2080
2187
2273
2233
2082
1962
1880
1864
2035
2157
2241
2287
2121
2001
1918
1833
2003
2118
2204
2292
2164
2031
1953
1851
1957
2093
2177
2270
2224
2068
1979
1873
1885
2051
2153
2252
2277
2115
2005
1896
1841
2016
2130
2225
2297
2154
2027
1929
1841
1968
2106
2186
2298
2209
2057
1965
1867
1899
2062
2157
2255
2278
2101
2001
1904
1857
2016
2125
2220
2300
2142
2029
1937
1854
1981
2105
2198
2293
2193
2058
1953
1873
1926
2069
2180
2267
2268
2093
1980
1899
1864
2035
2145
2238
2309
2128
2016
1923
1845
1990
2108
2219
2301
2181
2048
1956
1861
1938
2068
2190
2269
2242
2091
1982
1892
1875
2034
2150
2235
2292
2123
2006
1925
1842
1995
2123
2211
2303
2163
2027
1960
1845
1950
2096
2188
2281
2220
2069
1974
1872
1880
2054
2162
2251
2277
2109
1987
1909
1832
2006
2132
2217
2294
2158
2025
1952
1846
1961
2094
2180
2277
2205
2070
1973
1873
1900
2058
2158
2249
2270
2104
2001
1902
1846
2016
2128
2228
2298
2144
2029
1926
1840
1973
2112
2206
2283
2194
2057
1947
1862
1917
2074
2168
2271
2254
2088
1992
1883
1850
2034
2130
2236
2300
2132
2019
1926
1841
1990
2097
2200
2289
2181
2049
1959
1862
1938
2065
2184
2268
2249
2086
1973
1891
1872
2036
2160
2237
2306
2125
1997
1918
1844
1999
2122
2213
2312
2164
2035
1940
1857
1948
2085
2194
2282
2229
2076
1970
1885
1882
2041
2165
2246
2291
2117
1998
1922
1842
2009
2126
2208
2304
2151
2033
1950
1850
1960
2093
2183
2292
2212
2065
1970
1875
1899
2060
2163
2266
2275
2097
1995
1897
1845
2014
2136
2235
2299
2147
2011
1930
1834
1973
2115
2197
2288
2193
2056
1970
1866
1907
2066
2162
2257
2258
2101
1996
1898
1853
2025
2137
2230
2292
2133
2025
1931
1834
1986
2112
2202
2288
2185
2058
1946
1852
1925
2072
2193
2258
2247
2083
1983
1889
1868
2043
2145
2246
2300
2124
2009
1905
1836
1998
2114
2214
2298
2174
2044
1948
1853
1944
2082
2178
2273
2235
2078
1968
1888
1884
2044
2148
2242
2289
2117
2002
1920
1843
2011
2134
2213
2313
2160
2022
1945
1851
1961
2099
2189
2286
2216
2069
1966
1877
1899
2052
2178
2260
2284
2111
1989
1910
1845
2018
2130
2216
2309
2148
2020
1944
1847
1974
2093
2192
2289
2196
2057
1973
1869
1913
2066
2168
2269
2267
2089
1995
1892
1854
2028
2136
2241
2300
2129
2021
1923
1838
1984
2114
2201
2290
2180
2044
1958
1849
1926
2082
2181
2268
2246
2081
1995
1890
1854
2035
2140
2236
2288
2126
2020
1923
1843
1995
2112
2200
2296
2170
2049
1947
1848
1941
2077
2187
2272
2232
2080
1962
1874
1877
2046
2165
2238
2289
2114
1998
1909
1837
2014
2126
2224
2303
2160
2034
1926
1843
1957
2085
2200
2277
2216
2080
1958
1873
1891
2053
2162
2246
2282
2109
1997
1911
1857
2016
2136
2212
2309
2147
2020
1940
1847
1971
2108
2189
2300
2200
2050
1974
1866
1914
2065
2171
2273
2264
2097
1984
1901
1851
2030
2153
2236
2311
2132
2010
1933
1842
1985
2112
2195
2292
2189
2056
1965
1867
1926
2066
2168
2265
2245
2085
1990
1891
1860
2036
2147
2239
2298
2123
2012
1908
1836
1995
2118
2219
2292
2166
2043
1942
1849
1942
2092
2189
2273
2230
2073
1985
1876
1873
2044
2140
2243
2287
2117
2013
1920
1834
2004
2117
2204
2298
2163
2046
1945
1851
1958
2093
2179
2276
2213
2075
1964
1873
1892
2048
2172
2246
2286
2116
1982
1906
1838
2019
2137
2221
2308
2149
2024
1930
1844
1978
2094
2208
2294
2202
2062
1956
1869
1910
2053
2178
2258
2272
2099
1992
1902
1858
2024
2132
2224
2307
2142
2017
1935
1846
1981
2108
2194
2300
2189
2043
1961
1862
1931
2077
2169
2275
2252
2084
1990
1887
1869
2034
2148
2246
2293
2124
2002
1910
1833
1992
2131
2207
2304
2176
2053
1957
1858
1937
2083
2171
2281
2235
2094
1984
1889
1871
2041
2138
2242
2283
2122
2006
1916
1836
2003
2121
2216
2297
2160
2042
1931
1849
1949
2090
2198
2274
2209
2069
1964
1873
1892
2053
2171
2253
2275
2106
1995
1892
1838
2016
2122
2216
2301
2149
2041
1930
1845
1962
2092
2184
2285
2204
2067
1974
1874
1913
2060
2168
2252
2268
2106
1987
1899
1853
2025
2152
2221
2312
2142
2012
1937
1840
1981
2116
2197
2301
2184
2049
1957
1869
1929
2065
2185
2276
2258
2091
1978
1894
1864
2028
2152
2234
2304
2132
2014
1933
1844
1991
2110
2194
2294
2179
2050
1962
1858
1938
2081
2178
2278
2241
2077
1987
1883
1876
2043
2149
2251
2291
2112
2019
1909
1844
2002
2125
2224
2303
2168
2028
1940
1840
1953
2094
2191
2281
2216
2076
1976
1872
1885
2059
2153
2248
2281
2117
2008
1912
1842
2012
2123
2213
2296
2157
2038
1933
1843
1965
2093
2189
2278
2204
2067
1953
1869
1900
2056
2173
2249
2269
2102
1985
1899
1845
2026
2130
2232
2306
2139
2037
1917
1833
1979
2103
2202
2291
2191
2059
1949
1859
1922
2066
2160
2262
2253
2097
1980
1897
1866
2033
2141
2229
2301
2130
2011
1925
1841
1989
2122
2194
2304
2180
2034
1953
1856
1944
2089
2182
2273
2236
2077
1974
1883
1877
2040
2163
2248
2300
2124
1998
1922
1840
2000
2126
2205
2309
2168
2037
1956
1853
1954
2085
2177
2280
2219
2068
1985
1885
1894
2045
2154
2255
2291
2113
2010
1909
1844
2008
2124
2234
2309
2149
2040
1931
1849
1968
2102
2208
2289
2209
2067
1974
1867
1902
2064
2177
2266
2272
2106
2005
1894
1844
2016
2138
2223
2301
2144
2034
1936
1845
1978
2094
2196
2286
2191
2048
1965
1867
1920
2066
2186
2262
2252
2086
1974
1890
1848
2032
2150
2230
2304
2133
2013
1923
1828
1992
2124
2211
2292
2174
2059
1950
1855
1931
2073
2179
2267
2238
2088
1971
1887
1869
2034
2148
2230
2292
2121
2020
1920
1838
2000
2123
2197
2297
2166
2042
1946
1848
1947
2088
2176
2281
2224
2070
1970
1870
1881
2056
2147
2256
2280
2107
1994
1900
1843
2013
2144
2221
2312
2154
2020
1938
1850
1965
2095
2185
2285
2213
2063
1973
1873
1903
2059
2155
2256
2272
2109
1994
1909
1854
2021
2122
2224
2310
2143
2029
1932
1854
1972
2100
2208
2290
2197
2062
1948
1866
1920
2066
2171
2266
2258
2083
1989
1891
1856
2036
2131
2245
2305
2136
2021
1933
1840
1987
2098
2217
2296
2188
2062
1965
1861
1936
2074
2174
2268
2233
2094
1971
1893
1865
2033
2150
2236
2290
2122
2000
1926
1830
1994
2133
2206
2296
2164
2030
1945
1843
1948
2098
2190
2274
2222
2074
1961
1880
1881
2050
2157
2244
2280
2117
1988
1911
1832
2006
2131
2206
2301
2150
2042
1947
1851
1964
2092
2182
2276
2211
2068
1976
1866
1897
2059
2158
2257
2267
2104
2009
1894
1844
2019
2136
2230
2299
2149
2028
1916
1841
1977
2109
2189
2296
2194
2051
1948
1859
1917
2071
2161
2261
2260
2096
2000
1892
1853
2024
2139
2225
2302
2140
2022
1933
1840
1987
2109
2197
2296
2184
2057
1955
1865
1931
2074
2187
2266
2250
2094
1968
1891
1869
2036
2153
2240
2306
2122
2000
1920
1842
2001
2114
2220
2308
2172
2040
1944
1856
1945
2076
2176
2275
2233
2078
1973
1886
1888
2042
2146
2244
2291
2116
2001
1920
1842
2006
2128
2216
2309
2160
2022
1948
1846
1957
2098
2180
2293
2221
2060
1972
1870
1902
2059
2164
2262
2277
2109
1986
1897
1840
2015
2142
2228
2308
2147
2025
1940
1840
1970
2106
2187
2292
2198
2072
1972
1872
1915
2064
2156
2258
2254
2104
1999
1894
1849
2029
2134
2229
2294
2136
2020
1920
1838
1982
2107
2218
2291
2177
2049
1949
1857
1925
2074
2184
2272
2243
2083
1984
1877
1856
2045
2155
2242
2298
2121
2018
1926
1832
1992
2110
2197
2292
2166
2051
1960
1857
1940
2089
2171
2267
2221
2092
1973
1878
1877
2048
2161
2238
2291
2120
1996
1922
1826
2006
2133
2209
2300
2158
2034
1940
1838
1963
2094
2193
2281
2216
2067
1953
1869
1896
2051
2158
2250
2280
2115
1992
1913
1840
2009
2131
2212
2302
2156
2030
1941
1848
1969
2100
2184
2283
2206
2062
1966
1866
1909
2067
2160
2270
2261
2102
1993
1889
1850
2030
2130
2240
2305
2140
2022
1923
1845
1979
2115
2198
2302
2188
2042
1960
1860
1923
2068
2174
2265
2254
2090
1987
1891
1866
2029
2141
2229
2306
2128
2014
1926
1845
1992
2110
2204
2300
2176
2051
1949
1865
1942
2083
2189
2275
2240
2076
1964
1892
1878
2044
2157
2249
2300
2114
2001
1902
1840
2006
2112
2227
2309
2160
2043
1953
1849
1955
2084
2185
2283
2220
2077
1979
1883
1894
2053
2153
2245
2281
2106
1999
1917
1848
2015
2137
2214
2308
2156
2024
1945
1843
1969
2107
2185
2297
2203
2050
1963
1865
1912
2060
2170
2267
2259
2100
1984
1898
1846
2022
2154
2237
2309
2136
2019
1936
1841
1974
2113
2189
2291
2192
2052
1964
1867
1928
2065
2164
2262
2245
2095
1994
1896
1860
2029
2139
2239
2302
2129
2018
1918
1841
1990
2104
2218
2294
2170
2044
1944
1852
1940
2083
2190
2274
2227
2077
1980
1874
1870
2038
2152
2248
2288
2121
2014
1918
1832
2001
2118
2213
2296
2168
2050
1949
1850
1951
2085
2186
2274
2220
2080
1962
1878
1890
2049
2169
2248
2276
2113
1992
1913
1833
2010
2144
2217
2302
2146
2021
1936
1834
1965
2105
2197
2284
2197
2061
1950
1862
1899
2062
2166
2257
2267
2105
1980
1897
1838
2024
2137
2218
2301
2145
2027
1940
1841
1990
2108
2187
2283
2185
2056
1973
1860
1920
2072
2162
2265
2246
2095
1989
1884
1852
2038
2143
2240
2296
2130
2017
1913
1832
1994
2116
2211
2296
2179
2040
1945
1845
1934
2083
2173
2268
2236
2079
1992
1884
1868
2037
2141
2234
2290
2124
2012
1921
1838
2011
2121
2200
2292
2160
2050
1942
1844
1947
2081
2190
2274
2222
2080
1961
1874
1885
2052
2164
2244
2284
2115
1992
1897
1836
2017
2121
2226
2306
2155
2021
1924
1840
1965
2089
2184
2283
2206
2080
1954
1870
1902
2059
2153
2252
2267
2106
2000
1907
1848
2019
2138
2217
2302
2148
2017
1939
1837
1976
2106
2186
2294
2192
2050
1963
1856
1923
2074
2173
2265
2251
2098
1985
1887
1856
2031
2153
2241
2305
2137
2003
1912
1830
1987
2118
2194
2296
2179
2048
1964
1854
1933
2068
2163
2267
2241
2091
1988
1889
1869
2042
2133
2233
2294
2124
2021
1910
1836
1996
2114
2212
2293
2166
2045
1936
1848
1949
2078
2193
2268
2226
2078
