Medida=38
1900
1901
1960
2074
2146
2221
2219
2088
2012
1945
1896
2040
2120
2189
2258
2121
2034
1986
1883
2013
2101
2153
2253
2157
2049
1986
1883
1965
2080
2120
2237
2202
2086
2064
1950
1912
2049
2108
2196
2246
2101
2042
1962
1885
2027
2098
2176
2280
2145
2043
1978
1875
1981
2092
2150
2253
2192
2080
2007
1901
1918
2056
2122
2216
2245
2106
2038
1948
1880
2019
2085
2181
2276
2133
2052
1969
1902
1990
2088
2159
2245
2170
2057
1997
1910
1931
2057
2132
2226
2232
2097
2021
1946
1897
2033
2109
2190
2264
2116
2061
1972
1893
2010
2088
2164
2255
2163
2068
1994
1900
1953
2070
2141
2229
2215
2096
2015
1931
1921
2037
2114
2196
2258
2118
2038
1962
1883
2010
2089
2162
2253
2161
2057
1988
1936
1964
2065
2140
2206
2201
2086
2009
1934
1917
2051
2132
2185
2246
2107
2034
1965
1893
2027
2098
2161
2249
2144
2061
2000
1915
1980
2073
2150
2232
2145
2088
2003
1939
1937
2043
2129
2196
2203
2121
2032
1952
1886
2016
2105
2174
2234
2152
2056
1986
1904
1980
2072
2153
2238
2184
2082
2013
1936
1947
2050
2123
2206
2224
2112
2019
1962
1905
2012
2107
2156
2232
2144
2042
1989
1915
1977
2088
2144
2222
2192
2084
2014
1938
1937
2050
2127
2210
2225
2112
2022
1952
1906
2024
2115
2188
2243
2146
2045
1974
1903
1977
2091
2158
2222
2187
2074
1998
1942
1936
2062
2130
2177
2234
2097
2026
1969
1891
2025
2112
2152
2262
2130
2037
1968
1878
1992
2094
2142
2237
2179
2066
2011
1917
1939
2066
2132
2217
2229
2091
2025
1949
1894
2041
2122
2192
2266
2123
2041
1972
1857
2004
2102
2164
2270
2166
2051
1995
1896
1957
2074
2133
2234
2218
2090
2021
1930
1893
2038
2110
2200
2260
2125
2037
1958
1878
2014
2104
2170
2245
2149
2056
1988
1905
1968
2080
2153
2236
2203
2072
2013
1923
1912
2050
2120
2202
2237
2106
2059
1965
1892
2020
2086
2172
2267
2132
2060
1978
1891
1982
2090
2161
2245
2186
2074
1998
1910
1953
2059
2131
2209
2244
2102
2027
1942
1885
2033
2100
2182
2242
2142
2058
1988
1894
1997
2086
2161
2208
2158
2056
1990
1942
1940
2056
2136
2190
2220
2097
2019
1955
1905
2035
2119
2177
2256
2130
2052
1989
1902
1997
2089
2150
2233
2141
2070
2008
1915
1958
2070
2136
2215
2186
2102
2021
1942
1921
2033
2113
2182
2233
2133
2041
1972
1894
1993
2094
2159
2208
2172
2067
2003
1955
1960
2062
2136
2216
2207
2104
2016
1945
1907
2032
2117
2178
2246
2123
2032
1961
1896
2002
2112
2157
2235
2166
2061
1982
1913
1948
2070
2138
2221
2228
2078
2025
1953
1901
2044
2112
2188
2264
2120
2037
1971
1876
2013
2112
2165
2267
2156
2054
1990
1876
1971
2076
2144
2248
2205
2083
2024
1925
1931
2048
2121
2211
2261
2108
2037
1953
1882
2017
2100
2174
2268
2141
2048
1976
1892
1973
2077
2152
2240
2186
2060
1998
1900
1933
2059
2127
2217
2241
2098
2032
1948
1894
2027
2090
2178
2257
2130
2061
1974
1882
1988
2086
2161
2244
2173
2072
1997
1901
1952
2069
2140
2219
2230
2093
2020
1949
1909
2038
2107
2181
2253
2123
2048
1960
1897
2005
2085
2157
2240
2162
2068
1993
1916
1960
2068
2137
2215
2209
2092
2005
1931
1908
2041
2121
2194
2253
2128
2036
1982
1896
2017
2094
2153
2238
2148
2063
1998
1904
1977
2067
2148
2224
2170
2089
2009
1934
1930
2035
2123
2195
2216
2121
2032
1971
1898
2004
2100
2165
2221
2157
2060
1989
1930
1972
2071
2142
2192
2192
2086
2016
1967
1945
2037
2123
2193
2218
2120
2025
1971
1908
2008
2101
2150
2227
2155
2052
1986
1909
1965
2080
2141
2217
2200
2081
2017
1944
1924
2051
2124
2194
2252
2112
2031
1963
1874
2019
2110
2170
2269
2149
2043
1977
1870
1974
2084
2148
2256
2193
2078
2008
1908
1940
2054
2129
2224
2217
2100
2028
1937
1885
2029
2107
2184
2261
2136
2052
1974
1880
1982
2096
2161
2245
2160
2059
1997
1912
1933
2059
2137
2217
2229
2083
2019
1941
1903
2035
2113
2178
2256
2120
2062
1969
1876
2003
2090
2171
2251
2158
2062
1990
1896
1966
2072
2145
2228
2206
2090
2012
1936
1921
2045
2124
2193
2253
2118
2040
1972
1910
2014
2092
2173
2252
2145
2063
1990
1920
1966
2064
2142
2213
2185
2089
2001
1944
1938
2036
2123
2186
2235
2119
2034
1966
1904
2006
2099
2171
2253
2154
2060
1993
1912
1973
2072
2136
2219
2193
2086
2005
1930
1936
2044
2125
2206
2228
2113
2029
1953
1905
2010
2101
2166
2240
2160
1995
1985
1913
1970
2083
2145
2210
2196
2082
2004
1952
1924
2057
2123
2177
2240
2112
2030
1982
1885
2015
2113
2150
2258
2150
2040
1980
1876
1978
2084
2134
2249
2187
2072
2064
1941
1928
2055
2121
2209
2234
2086
2024
1946
1880
2027
2100
2181
2272
2130
2046
1972
1868
1989
2089
2164
2267
2169
2060
1995
1898
1952
2073
2138
2242
2210
2096
2020
1926
1902
2035
2107
2193
2254
2131
2049
1962
1885
2003
2087
2170
2256
2161
2059
1990
1912
1962
2088
2147
2224
2207
2076
2010
1932
1915
2043
2120
2197
2251
2112
2037
1968
1886
2014
2093
2175
2261
2129
2060
1987
1899
1977
2075
2148
2224
2171
2085
2011
1928
1933
2049
2125
2198
2246
2115
2026
1949
1884
2017
2100
2172
2249
2148
2058
1985
1900
1986
2080
2147
2221
2173
2084
2004
1934
1952
2030
2129
2201
2209
2110
2022
1956
1913
2015
2114
2162
2245
2146
2050
1980
1914
1985
2086
2155
2228
2179
2078
2016
1922
1949
2056
2131
2212
2216
2106
2024
1945
1917
2021
2104
2174
2234
2136
2045
1973
1921
1988
2086
2164
2214
2185
2073
1998
1928
1933
2062
2132
2193
2234
2105
2028
1957
1904
2027
2114
2180
2250
2135
2035
1974
1894
1990
2098
2145
2226
2184
2072
2000
1917
1932
2063
2121
2202
2226
2097
2030
1954
1891
2037
2120
2189
2264
2124
2036
1974
1861
1999
2101
2162
2268
2170
2062
1995
1892
1962
2070
2140
2237
2206
2091
2016
1930
1902
2040
2107
2195
2250
2122
2048
1969
1881
2012
2113
2172
2271
2158
2048
1994
1898
1969
2075
2134
2227
2207
2090
2029
1948
1916
2048
2083
2196
2251
2113
2061
1963
1878
2011
2093
2181
2270
2136
2060
1972
1877
1979
2088
2156
2238
2174
2078
2006
1908
1940
2060
2129
2220
2220
2104
2028
1946
1877
2024
2105
2184
2256
2138
2060
1978
1892
1996
2085
2162
2255
2171
2068
1992
1910
1944
2062
2136
2208
2219
2093
2017
1953
1901
2040
2118
2184
2250
2104
2043
1977
1883
2000
2084
2154
2237
2131
2072
2000
1908
1967
2061
2142
2219
2198
2099
2010
1941
1922
2037
2122
2190
2221
2130
2042
1965
1912
2008
2095
2166
2256
2156
2059
1988
1897
1972
2064
2139
2218
2192
2095
2016
1933
1938
2039
2121
2184
2220
2119
2033
1962
1910
2002
2101
2164
2232
2162
2058
1987
1912
1961
2077
2136
2216
2210
2088
2022
1953
1924
2041
2131
2200
2248
2119
2029
1956
1885
2016
2107
2179
2248
2155
2049
1977
1909
1963
2077
2150
2225
2208
2085
2006
1950
1940
2052
2115
2187
2246
2105
2022
1965
1874
2012
2107
2182
2282
2141
2040
1989
1885
1975
2088
2137
2227
2187
2073
2002
1916
1924
2056
2116
2206
2252
2096
2028
1956
1870
2029
2106
2178
2275
2136
2044
1979
1878
1992
2100
2153
2254
2177
2068
2001
1904
1942
2059
2128
2221
2221
2094
2026
1940
1899
2040
2106
2184
2255
2129
2061
1973
1889
2005
2098
2165
2250
2165
2053
1990
1900
1958
2075
2138
2225
2218
2094
2022
1930
1899
2042
2100
2198
2251
2112
2049
1957
1878
2016
2090
2176
2267
2142
2061
1983
1896
1969
2081
2154
2234
2200
2085
2011
1931
1915
2051
2124
2210
2223
2116
2038
1954
1896
2019
2088
2169
2265
2141
2061
1984
1924
1980
2088
2159
2240
2195
2077
2001
1926
1921
2052
2126
2192
2234
2099
2021
1978
1901
2031
2105
2162
2246
2122
2058
1988
1898
1986
2080
2153
2236
2178
2083
2002
1918
1941
2049
2137
2211
2202
2108
2017
1940
1907
2028
2114
2178
2232
2140
2048
1974
1890
1993
2083
2166
2254
2171
2078
2004
1937
1961
2051
2132
2202
2200
2100
2017
1944
1915
2029
2122
2187
2235
2134
2041
1977
1902
1989
2090
2145
2220
2176
2067
2010
1936
1952
2067
2125
2205
2220
2096
2019
1948
1907
2034
2117
2195
2258
2131
2041
1969
1891
2001
2091
2164
2248
2168
2058
1990
1906
1950
2069
2138
2206
2218
2092
2017
1951
1921
2041
2118
2177
2245
2121
2032
1967
1871
2010
2117
2150
2265
2161
2059
1988
1888
1960
2088
2125
2234
2198
2085
2017
1923
1924
2048
2105
2204
2260
2098
2027
1955
1870
2022
2108
2178
2272
2147
2051
1983
1881
1977
2090
2157
2257
2187
2079
2005
1898
1940
2064
2129
2220
2242
2107
2035
1947
1910
2027
2086
2181
2261
2131
2059
1979
1892
1986
2085
2164
2240
2174
2058
1987
1912
1941
2073
2137
2211
2222
2091
2021
1958
1909
2034
2109
2173
2257
2111
2045
1973
1872
2005
2086
2150
2236
2150
2065
1995
1910
1969
2065
2153
2229
2203
2097
2005
1928
1904
2040
2118
2192
2246
2124
2041
1968
1887
2007
2092
2165
2242
2149
2065
1996
1934
1978
2061
2141
2219
2194
2094
2011
1968
1940
2029
2120
2192
2219
2118
2023
1970
1901
2004
2103
2145
2234
2149
2049
2000
1922
1966
2070
2138
2216
2203
2088
2017
1933
1923
2045
2128
2204
2235
2118
2029
1960
1899
2020
2104
2179
2243
2158
2050
1978
1903
1966
2080
2152
2225
2209
2083
2004
1931
1915
2045
2116
2184
2245
2114
2030
1984
1891
2017
2120
2158
2258
2141
2042
1999
1883
1976
2082
2146
2257
2191
2074
2030
1913
1931
2057
2100
2207
2234
2098
2040
1951
1885
2031
2104
2186
2276
2127
2045
1969
1873
1988
2093
2161
2256
2165
2069
1995
1900
1958
2065
2137
2238
2228
2096
2020
1925
1896
2032
2109
2195
2262
2124
2060
1970
1906
2006
2086
2172
2236
2149
2059
1987
1904
1958
2086
2148
2228
2205
2059
2007
1938
1907
2039
2123
2188
2228
2094
2038
1966
1882
2010
2089
2166
2253
2136
2062
1987
1917
1981
2075
2148
2240
2197
2085
2008
1941
1951
2053
2130
2202
2253
2109
2021
1947
1878
2013
2102
2171
2241
2146
2057
1988
1914
1987
2075
2138
2221
2172
2075
2008
1939
1948
2045
2133
2200
2213
2113
2020
1949
1916
2014
2106
2162
2234
2147
2043
1978
1911
1981
2081
2142
2214
2187
2083
2020
1942
1939
2054
2129
2204
2233
2106
2021
1949
1900
2024
2115
2182
2249
2140
2048
1965
1899
1977
2093
2166
2237
2181
2075
1997
1936
1944
2058
2126
2188
2219
2103
2024
1977
1902
2036
2124
2162
2270
2133
2040
1974
1869
1988
2096
2137
2244
2174
2068
2000
1900
1954
2066
2144
2229
2216
2080
2030
1939
1896
2036
2101
2184
2265
2121
2043
1969
1876
2011
2105
2168
2273
2156
2053
1990
1875
1971
2084
2142
2248
2200
2087
2015
1922
1912
2044
2117
2213
2258
2115
2040
1958
1894
2018
2084
2178
2256
2147
2057
1979
1893
1984
2084
2153
2227
2188
2060
2008
1934
1930
2053
2125
2192
2235
2099
2026
1970
1891
2028
2103
2174
2248
2133
2059
1985
1896
1988
2088
2155
2245
2161
2073
1997
1914
1942
2052
2142
2219
2210
2105
2024
1946
1886
2033
2108
2188
2245
2126
2046
1975
1916
2004
2086
2146
2225
2166
2074
2003
1915
1966
2054
2138
2210
2197
2105
2016
1946
1925
2028
2117
2170
2225
2138
2034
1972
1902
1989
2097
2157
2241
2177
2061
2013
1930
1947
2061
2124
2204
2208
2101
2017
1948
1914
2034
2112
