Medida=40
2154
2189
2240
2098
2035
1954
1893
2026
2085
2177
2268
2128
2065
1976
1884
1996
2089
2159
2245
2155
2073
1997
1921
1949
2064
2136
2222
2225
2105
2028
1941
1898
2034
2115
2188
2255
2136
2049
1972
1901
2004
2088
2157
2218
2164
2077
2001
1914
1969
2062
2138
2203
2203
2106
2016
1943
1942
2028
2121
2184
2232
2133
2033
1967
1904
1997
2093
2138
2218
2170
2061
1994
1923
1958
2073
2126
2211
2220
2094
2022
1950
1897
2038
2121
2185
2272
2124
2038
1967
1874
2011
2108
2166
2265
2159
2061
1998
1894
1965
2076
2143
2238
2200
2088
2016
1920
1916
2048
2120
2208
2242
2114
2061
1972
1893
2025
2104
2176
2255
2141
2062
1981
1899
1980
2085
2150
2222
2188
2060
2001
1907
1945
2062
2132
2213
2236
2059
2024
1938
1897
2038
2110
2178
2251
2099
2052
1965
1897
2033
2090
2158
2240
2129
2072
1996
1928
1962
2060
2144
2217
2173
2100
2018
1947
1930
2031
2115
2191
2219
2131
2044
1978
1921
1997
2093
2163
2190
2168
2070
1999
1918
1957
2062
2139
2166
2204
2097
2024
1940
1908
2037
2120
2178
2252
2125
2036
1970
1881
2005
2102
2161
2255
2164
2056
1992
1914
1961
2078
2137
2224
2209
2083
2030
1940
1908
2048
2115
2203
2257
2118
2035
1956
1867
2015
2101
2176
2266
2125
2048
1980
1897
1985
2088
2149
2243
2188
2080
2006
1913
1932
2060
2136
2229
2202
2104
2030
1954
1904
2037
2098
2181
2260
2137
2061
1976
1883
1996
2089
2160
2200
2166
2073
1997
1920
1953
2060
2146
2203
2222
2102
2014
1931
1900
2034
2121
2188
2250
2131
2038
1962
1907
2010
2094
2154
2248
2164
2076
2010
1920
1964
2062
2140
2222
2197
2100
2016
1936
1923
2034
2123
2196
2224
2123
2038
1969
1900
1998
2101
2172
2234
2166
2062
1992
1913
1957
2074
2144
2210
2204
2091
2014
1941
1908
2048
2122
2171
2220
2118
2034
1973
1881
2018
2112
2156
2268
2149
2041
2005
1896
1972
2096
2134
2236
2196
2065
2011
1913
1925
2062
2096
2198
2249
2107
2062
1960
1878
2020
2090
2178
2260
2137
2061
1973
1880
1989
2089
2161
2254
2164
2077
2001
1912
1941
2067
2142
2225
2218
2104
2021
1941
1902
2040
2114
2190
2234
2129
2043
1968
1888
2016
2091
2158
2229
2160
2074
2002
1932
1968
2061
2144
2216
2193
2094
2009
1946
1930
2034
2121
2163
2224
2126
2032
1976
1912
2005
2100
2150
2232
2165
2064
2005
1926
1958
2070
2126
2206
2212
2092
2016
1944
1905
2044
2120
2200
2258
2112
2036
1964
1874
2010
2108
2173
2269
2154
2056
1992
1897
1972
2085
2148
2241
2197
2083
2016
1928
1918
2057
2130
2209
2243
2114
2062
1964
1891
2021
2096
2177
2261
2134
2060
1982
1876
1992
2090
2153
2227
2185
2060
2004
1922
1943
2064
2133
2200
2232
2085
2021
1946
1898
2032
2105
2176
2246
2107
2049
1973
1897
2003
2091
2160
2242
2141
2075
1996
1910
1961
2064
2146
2221
2165
2102
2020
1950
1929
2029
2124
2186
2189
2132
2040
1974
1913
2000
2094
2164
2194
2168
2068
1995
1936
1954
2072
2141
2192
2215
2096
2031
1949
1900
2041
2122
2164
2255
2124
2036
1970
1876
2008
2095
2144
2250
2156
2050
1993
1889
1962
2077
2131
2224
2215
2086
2020
1917
1924
2057
2108
2203
2248
2109
2037
1952
1874
2026
2091
2180
2259
2136
2065
1981
1902
1991
2091
2162
2240
2169
2070
2000
1912
1966
2064
2134
2208
2214
2105
2029
1946
1887
2033
2112
2194
2219
2133
2051
1978
1893
1996
2086
2158
2223
2164
2073
2007
1917
1961
2059
2137
2214
2219
2104
2019
1944
1922
2025
2113
2166
2226
2137
2038
1966
1902
1998
2093
2164
2243
2181
2051
1991
1914
1950
2076
2107
2205
2218
2089
2013
1938
1904
2045
2102
2192
2261
2117
2034
1969
1872
2012
2102
2174
2266
2145
2058
1987
1884
1970
2089
2152
2241
2179
2085
2013
1922
1924
2058
2128
2210
2213
2112
2038
1960
1888
2023
2102
2180
2230
2145
2058
1987
1923
1988
2080
2152
2203
2171
2080
2001
1929
1961
2056
2134
2200
2212
2109
2020
1950
1916
2026
2114
2169
2246
2140
2041
1979
1910
1989
2085
2137
2229
2193
2079
2017
1931
1936
2066
2121
2210
2237
2109
2030
1948
1890
2030
2117
2190
2268
2132
2041
1980
1873
2000
2100
2162
2261
2160
2069
1998
1897
1958
2069
2138
2238
2215
2092
2023
1930
1905
2036
2114
2203
2232
2121
2061
1972
1893
2010
2095
2176
2249
2154
2061
1981
1898
1971
2078
2148
2226
2198
2068
2003
1920
1922
2051
2128
2179
2235
2105
2032
1972
1909
2044
2109
2161
2242
2114
2050
1982
1897
1995
2080
2153
2242
2157
2084
2008
1922
1944
2050
2132
2208
2221
2115
2027
1947
1907
2021
2114
2194
2214
2144
2052
1978
1904
1982
2085
2157
2200
2186
2078
2005
1947
1936
2058
2133
2172
2228
2102
2035
1958
1888
2030
2115
2157
2256
2137
2038
1982
1878
1990
2098
2137
2234
2180
2054
1996
1894
1948
2070
2122
2230
2227
2093
2037
1937
1909
2036
2089
2201
2261
2120
2061
1961
1873
2008
2086
2171
2266
2146
2060
1984
1891
1969
2081
2153
2237
2172
2085
2008
1928
1920
2051
2131
2195
2258
2114
2030
1958
1883
2024
2102
2172
2248
2149
2053
1984
1921
1987
2073
2147
2202
2176
2086
2004
1940
1949
2046
2131
2181
2224
2114
2022
1958
1914
2017
2110
2159
2242
2149
2044
1996
1920
1978
2086
2133
2212
2189
2076
2003
1930
1932
2067
2122
2209
2237
2101
2030
1955
1879
2029
2113
2177
2276
2133
2046
1981
1867
1990
2098
2155
2261
2179
2069
2003
1902
1944
2071
2134
2233
2227
2098
2028
1938
1913
2037
2114
2198
2242
2126
2060
1969
1894
2000
2090
2170
2221
2153
2060
1984
1892
1966
2072
2149
2217
2204
2063
2010
1929
1920
2052
2128
2194
2249
2091
2028
1963
1899
2020
2101
2170
2252
2122
2056
1994
1910
1988
2078
2149
2235
2148
2086
2004
1921
1936
2049
2134
2210
2193
2118
2032
1961
1906
2019
2108
2179
2217
2144
2053
1981
1912
1982
2089
2152
2199
2185
2076
2010
1930
1928
2060
2124
2163
2236
2108
2036
1979
1896
2034
2112
2141
2253
2141
2045
1973
1873
1995
2090
2130
2236
2177
2067
2010
1909
1947
2064
2129
2224
2229
2096
2064
1948
1903
2036
2088
2188
2249
2121
2050
1972
1878
2014
2088
2170
2266
2145
2059
1984
1908
1968
2081
2149
2241
2193
2081
2012
1930
1916
2052
2125
2206
2242
2117
2038
1964
1917
2021
2097
2172
2233
2145
2059
1984
1903
1979
2074
2150
2210
2173
2085
2001
1939
1951
2048
2129
2177
2215
2117
2020
1955
1915
2013
2109
2161
2228
2150
2050
1993
1909
1977
2086
2133
2211
2194
2081
2010
1938
1928
2059
2124
2203
2238
2108
2030
1958
1881
2027
2116
2188
2275
2139
2048
1981
1869
1987
2091
2161
2261
2184
2076
2003
1904
1939
2064
2129
2226
2236
2102
2026
1937
1897
2038
2082
2196
2252
2129
2062
1966
1884
2001
2091
2171
2234
2164
2062
1984
1896
1968
2073
2150
2214
2210
2061
2004
1928
1914
2050
2125
2195
2254
2098
2036
1962
1884
2021
2101
2160
2245
2129
2062
1990
1908
1992
2074
2149
2229
2152
2088
2009
1936
1946
2045
2133
2196
2206
2117
2032
1964
1942
2016
2109
2169
2188
2145
2050
1986
1912
1980
2083
2147
2217
2190
2077
2016
1938
1930
2052
2129
2172
2235
2112
2030
1946
1892
2021
2118
2164
2258
2141
2037
1981
1889
1977
2084
2112
2228
2184
2060
2000
1917
1941
2065
2089
2197
2235
2100
2044
1956
1896
2041
2104
2188
2272
2130
2049
1968
1877
2011
2086
2164
2258
2145
2063
1990
1886
1957
2074
2147
2242
2190
2092
2020
1935
1906
2044
2118
2201
2249
2117
2043
1964
1896
2018
2093
2166
2214
2153
2061
1993
1910
1980
2075
2153
2200
2197
2085
2011
1922
1944
2050
2129
2203
2235
2113
2028
1955
1907
2014
2107
2150
2238
2148
2050
1982
1913
1985
2081
2141
2226
2189
2082
2013
1930
1938
2055
2121
2206
2233
2115
2029
1960
1900
2021
2114
2182
2253
2140
2056
1980
1894
1989
2094
2159
2240
2174
2075
2005
1923
1942
2064
2141
2211
2229
2098
2025
1946
1893
2036
2113
2189
2272
2130
2056
1972
1881
1993
2102
2172
2256
2176
2050
1995
1893
1953
2073
2140
2232
2214
2080
2026
1926
1910
2045
2108
2184
2250
2113
2049
1967
1892
2016
2087
2173
2258
2157
2061
1982
1890
1968
2081
2152
2229
2179
2082
2006
1930
1929
2051
2130
2200
2226
2109
2024
1954
1888
2019
2105
2178
2222
2136
2056
1981
1907
1995
2080
2152
2209
2169
2067
2008
1933
1953
2051
2132
2189
2220
2115
2026
1968
1924
2020
2107
2163
2251
2145
2040
1976
1908
1985
2084
2147
2219
2184
2064
2011
1940
1933
2057
2122
2198
2240
2098
2027
1953
1884
2034
2118
2186
2272
2128
2045
1976
1862
1989
2096
2156
2260
2164
2121
2003
1904
1940
2066
2137
2232
2218
2093
2027
1934
1897
2035
2113
2204
2258
2128
2060
1961
1893
2008
2089
2173
2243
2154
2058
1986
1921
1961
2072
2147
2230
2192
2059
2000
1926
1916
2045
2124
2195
2246
2088
2027
1955
1893
2019
2105
2157
2249
2124
2060
1988
1906
1982
2076
2153
2229
2160
2089
2005
1929
1936
2045
2126
2210
2174
2113
2028
1960
1912
2019
2110
2187
2209
2144
2054
1981
1902
1982
2088
2157
2200
2192
2081
2009
1957
1945
2053
2125
2185
2235
2106
2028
1971
1882
2025
2112
2162
2253
2134
2040
1982
1875
1986
2096
2147
2246
2171
2072
2018
1914
1945
2065
2107
2213
2226
2085
2049
1938
1901
2042
2088
2198
2258
2104
2061
1963
1876
2015
2089
2168
2262
2147
2061
1987
1896
1973
2078
2150
2229
2171
2085
2011
1933
1925
2053
2132
2194
2214
2116
2042
1967
1896
2024
2104
2172
2230
2147
2062
1988
1918
1989
2069
2144
2212
2188
2086
2017
1932
1948
2051
2128
2198
2228
2112
2026
1954
1905
2016
2104
2181
2251
2142
2040
1985
1914
1973
2079
2145
2227
2186
2070
2015
1945
1928
2056
2116
2195
2236
2106
2029
1955
1889
2028
2115
2180
2264
2126
2043
1979
1877
2005
2102
2158
2259
2162
2067
2003
1900
1945
2070
2134
2229
2234
2090
2024
1936
1904
2041
2109
2196
2256
2123
2060
1964
1877
2003
2082
2169
2235
2160
2061
1987
1937
1985
2085
2144
2187
2198
2088
2003
1929
1922
2051
2123
2185
2242
2104
2035
1965
1901
2019
2099
2164
2233
2146
2069
1992
1904
1990
2080
2152
2233
2173
2088
2015
1931
1946
2050
2130
2213
2208
2115
2033
1949
1924
2014
2109
2184
2222
2152
2053
1978
1923
1976
2080
2160
2209
2190
2076
2010
1929
1928
2061
2120
2170
2244
2107
2034
1974
1888
2024
2113
2157
2261
2145
2036
1986
1880
1990
2099
2142
2254
2177
2056
2025
1916
1937
2064
2096
2214
2227
2090
2062
1948
1904
2033
2083
2182
2256
2110
2053
1963
1872
1998
2091
2171
2265
2149
2062
1988
1904
1968
2078
2148
2231
2194
2093
2016
1931
1909
2050
2122
2201
2236
2118
2038
1967
1900
2019
2096
2172
2244
2146
2063
1994
1910
1985
2068
2148
2204
2189
2089
2002
1941
1950
2040
2131
2195
2222
2116
2022
1965
1898
2011
2110
2153
2232
2153
2045
1986
1910
1970
2085
2153
2225
2194
2082
2003
1931
1916
2058
2118
2196
2244
2099
2030
1954
1877
2026
2117
2186
2270
2142
2051
1981
1883
1985
2084
2156
2246
2173
2072
2011
1921
1938
2060
2132
2208
2233
2101
2036
1946
1896
2033
2113
2189
2252
2129
2061
1976
1878
2005
2096
2165
2252
2155
2057
1993
1904
1954
2077
2149
2228
2218
2073
2012
1929
1918
2037
2117
2179
2244
2108
2043
1973
