Medida=36
2070
2073
2073
2072
2072
2072
2073
2073
2072
2074
2072
2077
2072
2076
2072
2073
2072
2073
2070
2072
2074
2072
2074
2072
2072
2075
2072
2072
2074
2071
2072
2073
2070
2074
2073
2073
2075
2070
2070
2072
2075
2072
2072
2073
2075
2074
2076
2070
2072
2075
2074
2072
2073
2072
2072
2073
2073
2073
2073
2075
2072
2077
2076
2075
2074
2072
2074
2073
2073
2072
2072
2068
2076
2069
2073
2073
2073
2073
2072
2073
2068
2072
2072
2073
2074
2070
20692072
2069
2074
2072
2073
2072
2070
2073
2072
2074
2074
2073
2073
2072
2074
2072
2072
2072
2077
2075
2072
2072
2072
2069
2072
2075
2075
2072
2070
2070
2072
2073
2073
2072
2073
2072
2069
2072
2072
2072
2072
2069
2072
2070
2072
2073
2075
2074
2073
2074
2072
2072
2072
2071
2073
2072
2070
2072
2074
2073
2073
2073
2070
2074
2073
2070
2072
2072
2073
2073
2072
2074
2072
2073
2077
2074
2073
2076
2073
2073
2073
2069
2074
2073
2070
2072
2077
2077
2074
2073
2074
2073
2074
2070
2073
2072
2072
2072
2070
2073
2073
2073
2073
2073
2069
2072
2073
2074
2073
2068
2073
2072
2073
2074
2073
2074
2072
2073
2070
2072
2073
2068
2073
2072
2073
2070
2072
2073
2074
2070
2074
2074
2073
2072
2073
2074
2073
2073
2072
2073
2072
2072
2072
2072
2074
2073
2072
2073
2072
2073
2073
2072
2072
2072
2072
2075
2074
2074
2072
2073
2073
2073
2074
2073
2072
2072
2073
2075
2073
2072
2074
2074
2074
2073
2073
2080
2074
2070
2072
2074
2074
2073
2074
2072
2074
2072
2072
2074
2072
2073
2072
2073
2073
2072
2071
2072
2073
2074
2078
2072
2072
2075
2068
2073
2074
2070
2074
2073
2073
2074
2073
2072
2070
2077
2073
2072
2072
2072
2070
2073
2075
2073
2073
2070
2074
2073
2075
2073
2074
2073
2070
2072
2070
2074
2071
2073
2070
2073
2073
2073
2073
2073
2075
2075
2070
2073
2070
2070
2072
2071
2074
2073
2072
2073
2070
2073
2073
2069
2072
2076
2072
2073
2074
2073
2074
2072
2073
2070
2075
2074
2072
2072
2073
2074
2072
2073
2073
2073
2074
2072
2073
2072
2070
2073
2075
2074
2069
2073
2070
2073
2073
2072
2071
2074
2074
2072
2074
2077
2074
2073
2074
2073
2072
2070
2073
2075
2073
2070
2073
2073
2068
2072
2072
2074
2074
2072
2075
2049
2073
2073
2073
2071
2072
2073
2070
2074
2073
2070
2072
2073
2072
2074
2072
2072
2073
2074
2072
2072
2070
2074
2072
2069
2072
2073
2071
2074
2072
2072
2072
2072
2072
2073
2073
2072
2071
2073
2072
2078
2070
2074
2073
2072
2072
2072
2073
2072
2070
2074
2072
2073
2072
2074
2073
2074
2074
2072
2074
2070
2070
2072
2070
2074
2074
2072
2072
2074
2076
2072
2072
2072
2066
2070
2073
2074
2072
2073
2072
2074
2073
2074
2073
2072
2072
2074
2072
2072
2072
2076
2073
2072
2069
2070
2072
2074
2070
2072
2072
2073
2072
2071
2074
2073
2069
2072
2072
2072
2074
2073
2074
2069
2074
2074
2074
2073
2073
2070
2073
2070
2072
2069
2074
2073
2072
2073
2072
2073
2073
2070
2072
2074
2074
2073
2073
2070
2073
2072
2070
2070
2073
2073
2072
2072
2072
2073
2072
2073
2074
2072
2072
2073
2073
2072
2075
2070
2073
2075
2073
2073
2074
2072
2073
2070
2070
2073
2073
2073
2069
2074
2071
2074
2074
2073
2071
2074
2070
2067
2075
2072
2072
2074
2075
2070
2072
2072
2074
2073
2074
2070
2073
2076
2074
2070
2076
2074
2072
2074
2073
2073
2070
2070
2078
2070
2070
2074
2070
2073
2073
2072
2074
2074
2073
2073
2073
2074
2073
2072
2074
2071
2074
2074
2074
2074
2070
2072
2072
2072
2069
2073
2073
2073
2073
2072
2072
2069
2070
2073
2073
2073
2073
2074
2074
2073
2074
2074
2077
2073
2074
2073
2072
2072
2073
2077
2072
2072
2073
2073
2076
2072
2074
2074
2073
2072
2073
2073
2070
2077
2077
2073
2070
2072
2071
2073
2074
2073
2072
2074
2074
2073
2075
2073
2075
2072
2072
2072
2073
2072
2072
2072
2070
2072
2074
2072
2073
2073
2074
2074
2071
2070
2072
2070
2075
2071
2072
2074
2073
2073
2073
2072
2072
2072
2073
2070
2075
2071
2073
2072
2075
2069
2072
2073
2069
2070
2072
2070
2070
2072
2072
2072
2072
2070
2070
2074
2073
2075
2073
2074
2073
2074
2074
2072
2073
2073
2072
2074
2072
2072
2072
2073
2070
2072
2074
2073
2073
2073
2070
2070
2080
2072
2073
2074
2069
2072
2070
2074
2073
2072
2073
2075
2072
2073
2073
2072
2073
2072
2072
2074
2074
2073
2073
2072
2073
2077
2073
2072
2073
2072
2072
2073
2073
2074
2072
2073
2072
2073
2072
2073
2072
2072
2074
2074
2074
2072
2072
2073
2079
2076
2078
2070
2073
2074
2075
2072
2072
2073
2073
2072
2073
2077
2073
2073
2071
2071
2074
2073
2073
2072
2073
2073
2073
2072
2074
2074
2073
2072
2074
2072
2074
2080
2072
2072
2073
2073
2074
2073
2069
2072
2073
2070
2075
2070
2073
2072
2073
2072
2072
2074
2073
2073
2072
2069
2069
2076
2070
2074
2072
2072
2073
2073
2074
2075
2073
2073
2074
2072
2070
2074
2074
2073
2072
2073
2073
2072
2075
2069
2073
2075
2074
2070
2072
2070
2072
2073
2070
2070
2074
2073
2069
2072
2070
2072
2073
2073
2072
2069
2070
2073
2077
2075
2073
2073
2072
2077
2073
2073
2074
2073
2068
2071
2072
2074
2073
2077
2072
2073
2074
2072
2072
2073
2071
2070
2072
2073
2073
2072
2073
2073
2072
2073
2073
2072
2073
2073
2074
2077
2072
2070
2072
2072
2072
2072
2069
2072
2072
2072
2072
2074
2073
2073
2075
2072
2073
2070
2072
2073
2070
2072
2073
2072
2073
2074
2071
2076
2070
2072
2071
2072
2072
2072
2072
2070
2072
2072
2072
2073
2069
2073
2073
2080
2073
2074
2070
2074
2073
2072
2072
2072
2070
2074
2073
2074
2070
2074
2073
2074
2074
2072
2072
2072
2073
2073
2074
2072
2070
2074
2072
2074
2074
2074
2071
2070
2073
2073
2070
2073
2073
2072
2073
2073
2072
2074
2072
2073
2072
2070
2073
2072
2073
2072
2072
2074
2074
2072
2072
2069
2073
2072
2069
2072
2073
2073
2073
2073
2074
2072
2072
2070
2073
2072
2072
2073
2073
2074
2069
2072
2072
2073
2073
2072
2072
2074
2074
2072
2069
2074
2072
2072
2072
2073
2072
2074
2074
2073
2072
2074
2070
2072
2070
2072
2074
2074
2074
2073
2072
2074
2072
2074
2072
2071
2070
2073
2070
2075
2072
2074
2072
2073
2072
2074
2074
2072
2073
2073
2072
2072
2072
2075
2073
2072
2075
2070
2073
2074
2070
2073
2073
2073
2073
2076
2072
2074
2073
2073
2072
2072
2073
2073
2076
2074
2072
2069
2070
2080
2072
2070
2070
2070
2072
2071
2073
2073
2069
2072
2072
2072
2075
2073
2072
2074
2073
2072
2072
2072
2069
2072
2073
2074
2072
2070
2072
2075
2073
2067
2072
2073
2073
2072
2074
2071
2072
2073
2074
2077
2073
2074
2072
2072
2072
2073
2075
2073
2073
2072
2073
2072
2070
2073
2073
2073
2072
2076
2073
2073
2073
2074
2070
2073
2074
2072
2072
2070
2072
2076
2070
2072
2071
2074
2073
2073
2074
2074
2072
2070
2073
2073
2073
2072
2072
2071
2072
2073
2075
2074
2076
2071
2074
2072
2078
2075
2072
2072
2074
2075
2072
2070
2072
2073
2069
2070
2070
2073
2074
2073
2072
2076
2077
2073
2072
2072
2074
2072
2072
2070
2075
2073
2072
2069
2073
2073
2072
2074
2073
2072
2072
2072
2073
2074
2073
2070
2072
2072
2073
2068
2073
2075
2073
2074
2073
2073
2070
2073
2072
2072
2072
2072
2075
2075
2073
2072
2072
2072
2072
2072
2073
2072
2072
2073
2073
2072
2073
2073
2073
2073
2070
2073
2072
2073
2073
2074
2072
2073
2072
2074
2073
2074
2072
2072
2072
2072
2074
2073
2071
2074
2073
2074
2070
2073
2077
2075
2073
2074
2073
2073
2070
2074
2076
2072
2074
2073
2074
2073
2073
2072
2073
2074
2070
2073
2073
2072
2072
2070
2070
2072
2072
2073
2072
2075
2070
2070
2073
2070
2069
2073
2077
2070
2073
2072
2073
2069
2072
2069
2070
2074
2073
2073
2073
2073
2074
2076
2070
2072
2070
2073
2074
2074
2072
2072
2074
2073
2073
2072
2073
2073
2073
2074
2070
2073
2074
2070
2072
2072
2073
2074
2072
2073
2074
2073
2074
2073
2074
2075
2073
2072
2073
2072
2072
2074
2077
2066
2074
2072
2073
2072
2073
2074
2073
2073
2072
2073
2073
2073
2074
2074
2073
2073
2074
2072
2073
2074
2071
2074
2073
2074
2074
2072
2072
2073
2073
2072
2075
2070
2069
2072
2074
2072
2072
2070
2073
2072
2074
2070
2072
2073
2074
2070
2072
2073
2070
2072
2073
2074
2075
2076
2070
2072
2072
2076
2073
2074
2073
2074
2073
2073
2072
2079
2073
2077
2070
2071
2074
2071
2073
2073
2073
2069
2072
2073
2072
2069
2072
2069
2072
2070
2072
2076
2075
2072
2072
2074
2073
2072
2072
2073
2070
2073
2072
2072
2069
2073
2073
2074
2073
2072
2073
2073
2073
2073
2072
2089
2264
2990
2824
2165
1877
1581
1258
1785
2069
2329
2768
2316
1993
1787
1284
1678
2096
2206
2762
2476
2044
1888
1376
1579
2024
2181
2643
2574
2112
1960
1535
1531
1989
2152
2442
2614
2196
2010
1780
1493
1888
2108
2288
2627
2313
2029
1913
1503
1769
2081
2219
2621
2429
2060
1938
1557
1684
2051
2156
2448
2499
2116
1988
1739
1630
1981
2149
2314
2554
2186
2019
1865
1594
1879
2101
2243
2544
2289
2057
1952
1647
1797
2081
2190
2440
2385
2083
1986
1777
1712
2026
2156
2335
2446
2159
2006
1859
1695
1953
2120
2242
2468
2232
2049
1939
1690
1869
2081
2189
2422
2310
2079
1979
1774
1798
2060
2161
2307
2388
2116
2013
1870
1725
2005
2124
2236
2446
2180
2042
1925
1702
1931
2084
2198
2380
2262
2074
1969
1785
1830
2056
2158
2330
2289
2103
2012
1866
1789
2019
2124
2245
2389
2145
2029
1920
1747
1963
2099
2195
2355
2227
2061
1966
1789
1920
2069
2162
2324
2285
2081
1985
1848
1817
2035
2134
2264
2324
2142
2029
1929
1778
1997
2109
2196
2333
2191
2043
1957
1805
1949
2074
2162
2320
2259
2074
1988
1869
1880
2040
2150
2263
2310
2114
2013
1916
1836
2002
2125
2222
2356
2152
2043
1962
1837
1942
2090
2176
2333
2203
2076
1981
1876
1868
2056
2121
2261
2284
2086
2012
1894
1826
2018
2113
2216
2334
2136
2040
1948
1840
1961
2093
2172
2331
2195
2067
1976
1860
1932
2059
2126
2258
2270
2089
2003
1889
1873
2025
2124
2218
2323
2137
2034
1939
1835
1997
2096
2187
2298
2186
2065
1977
1836
1930
2076
2159
2282
2216
2092
2001
1907
1862
2033
2115
2226
2298
2107
2032
1952
1853
1994
2104
2193
2306
2169
2048
1965
1837
1960
1965
2165
2286
2188
2081
2000
1904
1877
2052
2130
2236
2281
2107
2019
1925
1862
2009
2110
2195
2283
2149
2048
1970
1838
1967
2091
2171
2282
2184
2078
1994
1889
1904
2051
2128
2226
7000Medida=37
1984
1969
1862
2003
2107
2150
2261
2161
2058
2003
1899
1958
2074
2131
2237
2210
2080
2025
1925
1909
2049
2101
2205
2257
2108
2041
1953
1866
2017
2099
2176
2260
2147
2049
1979
1884
1984
2085
2149
2246
2188
2075
2005
1909
1958
2057
2127
2213
2217
2106
2028
1943
1890
2028
2099
2185
2264
2132
2057
1979
1889
1995
2086
2154
2245
2171
2078
1995
1923
1961
2054
2132
2212
2221
2098
2015
1944
1915
2031
2106
2172
2227
2130
2035
1970
1888
1998
2097
2152
2245
2176
2070
1996
1923
1953
2063
2143
2216
2205
2097
2013
1941
1914
2030
2127
2180
2242
2131
2036
1962
1891
1992
2098
2165
2237
2182
2068
1992
1915
1944
2061
