Medida=39
1929
1979
2074
2141
2225
2177
2090
2011
1931
1947
2045
2123
2201
2214
2107
2033
1957
1909
2019
2105
2179
2233
2150
2067
1979
1924
1972
2083
2156
2205
2197
2078
1995
1933
1928
2057
2129
2173
2234
2112
2026
1957
1877
2021
2115
2154
2274
2140
2041
1980
1880
1981
2088
2138
2244
2182
2064
2012
1905
1940
2064
2100
2219
2237
2093
2041
1945
1900
2035
2089
2185
2269
2118
2050
1973
1876
1996
2102
2164
2261
2157
2054
1990
1897
1961
2077
2140
2232
2214
2098
2021
1936
1924
2041
2117
2196
2254
2127
2040
1962
1881
2008
2096
2173
2250
2156
2060
1984
1918
1972
2072
2149
2210
2196
2085
2005
1933
1925
2049
2125
2201
2252
2105
2026
1957
1885
2012
2099
2153
2246
2147
2061
1997
1910
1989
2090
2145
2230
2158
2078
2003
1926
1937
2045
2132
2214
2195
2116
2033
1950
1906
2013
2106
2176
2204
2147
2054
1981
1935
1978
2083
2150
2193
2187
2082
2013
1923
1925
2051
2124
2157
2223
2110
2029
1956
1900
2018
2110
2154
2240
2146
2048
1989
1897
1985
2084
2132
2230
2182
2065
2006
1923
1940
2068
2123
2212
2236
2096
2029
1953
1884
2035
2114
2193
2277
2120
2038
1972
1857
2001
2106
2170
2267
2168
2064
2000
1886
1957
2074
2140
2243
2201
2093
2020
1921
1901
2040
2112
2202
2250
2121
2059
1971
1885
2013
2086
2168
2220
2152
2062
1986
1901
1980
2088
2155
2228
2203
2077
2006
1928
1916
2050
2126
2177
2237
2088
2029
1961
1885
2021
2105
2161
2245
2125
2062
1994
1907
1992
2078
2140
2233
2157
2088
2008
1922
1936
2049
2130
2212
2216
2115
2026
1958
1900
2017
2109
2169
2234
2150
2049
1985
1903
1982
2084
2149
2184
2185
2079
2020
1927
1934
2054
2134
2190
2235
2110
2029
1954
1907
2025
2114
2131
2241
2139
2041
1996
1902
1985
2091
2152
2241
2176
2069
1997
1916
1937
2067
2136
2221
2226
2096
2028
1947
1886
2039
2108
2182
2277
2124
2038
1968
1859
2004
2104
2170
2268
2160
2061
1996
1890
1956
2069
2140
2238
2220
2093
2027
1933
1910
2041
2111
2203
2259
2115
2060
1966
1890
2014
2091
2171
2258
2148
2057
1980
1898
1976
1989
2153
2210
2188
2062
2003
1920
1939
2050
2129
2195
2236
2102
2030
1970
1898
2021
2108
2161
2250
2120
2005
1984
1897
1995
2081
2142
2222
2181
2087
2005
1923
1953
2051
2140
2208
2182
2115
2031
1955
1913
2021
2115
2177
2219
2142
2052
1979
1900
1985
2084
2153
2226
2180
2080
2018
1931
1948
2060
2120
2155
2221
2108
2024
1953
1899
2021
2114
2162
2250
2139
2038
1969
1881
1989
2096
2160
2245
2181
2061
2012
1929
1940
2064
2109
2205
2218
2089
2021
1949
1886
2039
2104
2188
2266
2126
2038
1969
1870
2008
2101
2171
2270
2164
2066
1992
1888
1966
2085
2142
2241
2206
2084
2021
1931
1918
2042
2115
2210
2236
2109
2044
1958
1889
2011
2086
2176
2260
2147
2059
1981
1903
1976
2089
2155
2217
2190
2074
2000
1922
1929
2048
2129
2188
2232
2101
2026
1966
1896
2030
2114
2182
2253
2128
2052
1987
1905
1986
2077
2150
2220
2169
2077
2009
1928
1964
2051
2136
2216
2195
2109
2011
1947
1941
2020
2116
2185
2212
2141
2045
1978
1923
1980
2083
2156
2198
2185
2074
1998
1933
1938
2054
2125
2182
2241
2106
2025
1950
1880
2026
2112
2158
2266
2131
2040
2005
1882
1992
2090
2136
2245
2174
2053
2032
1912
1949
2074
2086
2204
2212
2093
2030
1942
1908
2038
2087
2190
2257
2115
2051
1965
1874
2005
2092
2170
2258
2156
2056
1990
1897
1971
2076
2149
2240
2189
2086
2016
1929
1917
2052
2123
2210
2225
2117
2039
1956
1897
2021
2093
2179
2250
2151
2060
1977
1910
1982
2073
2150
2238
2174
2084
2003
1946
1936
2044
2128
2173
2203
2114
2024
1985
1908
2017
2114
2174
2246
2143
2052
1981
1900
1979
2082
2140
2233
2185
2078
2010
1937
1941
2052
2129
2208
2233
2105
2020
1951
1901
2026
2112
2185
2255
2133
2043
1976
1894
1986
2093
2166
2238
2185
2065
2001
1922
1942
2061
2129
2210
2236
2100
2032
1949
1881
2032
2117
2184
2278
2134
2030
1970
1867
1989
2100
2156
2261
2166
2054
2000
1900
1957
2076
2131
2220
2210
2078
2034
1935
1894
2040
2100
2194
2257
2124
2061
1968
1885
2007
2085
2173
2264
2146
2062
1981
1890
1976
2082
2153
2236
2186
2082
2006
1915
1921
2050
2128
2206
2233
2115
2031
1956
1893
2021
2104
2177
2248
2144
2056
1987
1899
1994
2080
2155
2218
2168
2089
2002
1913
1941
2056
2136
2181
2222
2115
2024
1957
1909
2019
2110
2179
2249
2141
2045
2005
1917
1989
2087
2149
2234
2173
2076
2005
1922
1940
2065
2133
2209
2220
2108
2020
1934
1905
2022
2113
2189
2244
2139
2045
1976
1907
1985
2091
2161
2221
2176
2072
1997
1945
1952
2061
2134
2196
2218
2098
2027
1979
1909
2035
2117
2169
2249
2122
2037
1978
1876
1999
2112
2148
2262
2164
2063
1995
1894
1949
2070
2115
2218
2220
2083
2050
1936
1901
2040
2088
2192
2256
2117
2057
1962
1882
2011
2090
2173
2258
2141
2056
1985
1889
1971
2083
2155
2242
2168
2085
2008
1923
1940
2056
2123
2217
2243
2111
2035
1957
1896
2025
2097
2180
2243
2141
2058
1981
1899
1980
2121
2155
2204
2164
2082
2001
1926
1948
2058
2132
2209
2224
2108
2021
1946
1913
2026
2107
2169
2256
2140
2050
1973
1896
1999
2088
2144
2232
2173
2072
2001
1930
1958
2065
2140
2203
2214
2100
2018
1944
1915
2019
2125
2197
2245
2133
2038
1962
1900
1988
2099
2169
2246
2185
2069
1988
1910
1937
2061
2134
2204
2221
2100
2029
1949
1896
2037
2113
2182
2252
2124
2036
1987
1891
2003
2091
2151
2256
2158
2051
1996
1899
1960
2072
2131
2230
2210
2062
2032
1933
1913
2052
2096
2189
2246
2115
2062
1964
1886
2011
2090
2176
2259
2128
2059
1982
1899
1974
2091
2155
2244
2191
2076
2005
1926
1944
2064
2131
2208
2219
2106
2028
1954
1902
2032
2111
2180
2249
2139
2056
1980
1905
1996
2080
2157
2216
2147
2081
2004
1926
1949
2052
2138
2208
2198
2109
2020
1936
1912
2021
2106
2171
2236
2144
2045
1984
1917
1990
2088
2148
2222
2181
2080
2006
1935
1930
2063
2126
2201
2232
2102
2026
1953
1894
2035
2117
2185
2273
2128
2037
1976
1869
1993
2091
2162
2269
2170
2064
1998
1898
1952
2065
2139
2232
2217
2092
2017
1936
1899
2037
2116
2195
2228
2118
2062
1971
1883
2005
2096
2169
2258
2153
2053
1984
1892
1972
2088
2150
2249
2198
2064
2003
1914
1921
2050
2120
2193
2241
2092
2034
1960
1884
2012
2102
2168
2248
2135
2062
1987
1893
2005
2082
2150
2244
2153
2075
2004
1928
1940
2059
2131
2215
2218
2105
2028
1961
1913
2029
2112
2180
2218
2133
2041
1973
1886
1989
2091
2157
2214
2185
2072
2006
1923
1954
2056
2136
2207
2213
2109
2021
1940
1906
2020
2114
2170
2230
2140
2037
1974
1905
1985
2089
2136
2218
2190
2075
2021
1937
1939
2064
2122
2204
2226
2101
2029
1957
1898
2036
2115
2188
2248
2120
2036
1973
1877
2010
2106
2162
2260
2151
2064
2002
1891
1965
2083
2133
2235
2218
2080
2021
1925
1920
2039
2105
2201
2261
2121
2060
1964
1882
2008
2091
2174
2261
2152
2053
1979
1881
1974
2077
2153
2243
2192
2058
2004
1926
1932
2053
2127
2190
2237
2098
2032
1959
1906
2021
2098
2168
2242
2124
2061
1982
1902
1990
2083
2155
2244
2146
2078
2001
1932
1948
2051
2133
2205
2216
2106
2024
1945
1961
2029
2108
2177
2236
2131
2051
1971
1910
1995
2083
2163
2228
2164
2068
1998
1920
1953
2058
2138
2191
2205
2102
2016
1947
1914
2029
2128
2189
2248
2134
2030
1960
1891
1986
2096
2157
2236
2182
2053
1993
1918
1942
2067
2109
2197
2220
2091
2034
1956
1898
2040
2120
2188
2260
2120
2044
1974
1878
2005
2110
2170
2267
2147
2060
2000
1899
1964
2077
2138
2237
2205
2090
2017
1925
1913
2043
2121
2205
2258
2117
2064
1958
1878
2010
2100
2186
2256
2148
2054
1979
1887
1979
2077
2152
2217
2181
2063
2002
1928
1948
2059
2130
2181
2232
2066
2029
1953
1890
2028
2109
2177
2252
2144
2061
1984
1902
1986
2084
2151
2230
2171
2080
1998
1926
1955
2057
2138
2203
2186
2106
2025
1952
1907
2027
2113
2185
2235
2140
2048
1981
1901
1994
2091
2161
2234
2170
2072
2001
1931
1962
2059
2132
2204
2204
2100
2017
1936
1913
2030
2118
2190
2243
2130
2032
1972
1892
1990
2092
2141
2225
2176
2066
1998
1921
1944
2067
2122
2209
2225
2098
2032
1950
1904
2039
2109
2184
2264
2115
2036
1973
1881
2007
2107
2169
2267
2153
2057
1989
1889
1964
2088
2147
2235
2196
2086
2016
1917
1924
2057
2118
2208
2246
2112
2041
1953
1906
2017
2080
2176
2251
2145
2060
1981
1898
1981
2042
2160
2241
2179
2061
1999
1921
1937
2064
2133
2197
2227
2089
2021
1949
1901
2027
2110
2162
2251
2117
2057
1978
1882
2014
2089
2148
2241
2148
2079
2004
1910
1955
2057
2138
2222
2181
2108
2021
1946
1910
2025
2115
2184
2224
2139
2048
1972
1906
1994
2095
2160
2186
2179
2070
2000
1924
1949
2066
2126
2211
2227
2101
2026
1948
1901
2036
2117
2155
2252
2124
2034
1963
1885
1998
2098
2160
2256
2169
2057
1989
1901
1953
2076
2134
2221
2214
2076
2012
1930
1905
2048
2102
2181
2257
2113
2044
1961
1869
2014
2100
2177
2265
2143
2051
1982
1885
1975
2085
2159
2245
2162
2077
2010
1922
1956
2058
2132
2213
2230
2110
2032
1945
1924
2027
2102
2186
2253
2140
2057
1980
1893
1986
2083
2155
2224
2176
2073
1992
1921
1945
2058
2139
2189
2230
2098
2012
1939
1916
2026
2115
2177
2253
2136
2043
1985
1890
1995
2092
2152
2222
2164
2072
2003
1916
1958
2064
2137
2229
2208
2106
2016
1932
1923
2027
2118
2182
2237
2138
2043
1976
1913
1994
2094
2165
2244
2178
2064
1997
1922
1946
2065
2152
2212
2232
2094
2019
1949
1896
2038
2115
2186
2259
2123
2035
1977
1883
2010
2101
2157
2252
2155
2048
1993
1886
1965
2078
2132
2217
2198
2073
2016
1920
1920
2051
2116
2189
2248
2108
2040
1955
1880
2027
2091
2181
2258
2126
2065
1985
1899
1995
2089
2158
2229
2170
2075
2001
1924
1953
2062
2137
2216
2224
2099
2024
1950
1905
2036
2110
2182
2224
2127
2057
1977
1907
2008
2083
2156
2213
2156
2077
2005
1917
1958
2058
2142
2205
2203
2105
2016
1941
1923
2026
2125
2191
2236
2139
2043
1982
1914
1987
2094
2141
2219
2171
2062
2011
1933
1941
2065
2132
2195
2225
2093
2029
1952
1892
2034
2124
2192
2267
2124
2035
1970
1883
2001
2105
2158
2257
2155
2059
1993
1883
1970
2069
2141
2242
2185
2088
2017
1930
1928
2050
2121
2204
2242
2116
2040
1957
1893
2006
2094
2181
2250
2146
2060
1981
1889
1982
2089
2153
2204
2182
2078
2003
1915
1938
2056
2129
2193
2237
2107
2026
1958
1890
2029
2107
2168
2245
2141
2050
1980
1891
1998
2084
2154
2237
2177
2088
2008
1922
1944
2056
2132
2224
2221
2112
2021
1940
1905
2030
2122
2185
2248
2147
2051
1963
1891
1990
2099
2171
2237
2186
2075
2005
1924
1941
2072
2148
2212
2250
2102
2019
1956
1899
2036
2110
2184
2272
2131
2033
1969
1867
1997
2106
2157
2261
2168
2053
1992
1882
1958
2069
2137
2236
2209
2078
2017
1920
1915
2044
2113
2193
2250
2108
2052
1966
1881
2009
2090
2176
2257
2146
2060
1984
1892
1978
2080
2156
2233
2179
2080
2004
1921
1937
2053
2129
2207
2200
2112
2027
1969
1901
2030
2110
2179
2230
